0, 0, Header, 0, 1, 384
1, 0, Start_track
1, 0, Title_t, "Tango--Gasanov                  "
1, 0, Text_t, "2009 International Piano-e-Competition finals"
1, 0, Text_t, "captured June-July 2009"
1, 0, Text_t, "http://www.piano-e-competition.com/"
1, 0, Text_t, "standard-resolution version"
1, 0, Text_t, "File processed for distribution by software from Zenph Studios, Inc., http://www.zenph.com"
1, 0, Instrument_name_t, "Yamaha Disklavier Pro Mark IV concert grand piano, model DCFIIISM4PRO"
1, 0, Sequencer_specific, 39, 67, 113, 0, 1, 0, 1, 0, 84, 97, 110, 103, 111, 32, 32, 32, 32, 32, 32, 32, 32, 32, 32, 32, 69, 108, 109, 97, 114, 32, 71, 97, 115, 97, 110, 111, 118, 32, 32, 32
1, 0, Sequencer_specific, 6, 67, 113, 0, 0, 0, 69
1, 0, System_exclusive, 21, 67, 113, 126, 21, 0, 2, 2, 2, 3, 12, 8, 4, 10, 4, 11, 14, 3, 9, 8, 0, 247
1, 0, Sequencer_specific, 5, 67, 123, 12, 2, 1
1, 0, Tempo, 512820
1, 0, Time_signature, 4, 2, 24, 8
1, 0, System_exclusive, 5, 126, 127, 9, 1, 247
1, 1, System_exclusive, 8, 67, 16, 76, 0, 0, 126, 0, 247
1, 2, System_exclusive, 8, 67, 16, 76, 8, 9, 7, 1, 247
1, 3, Control_c, 0, 0, 0
1, 3, Control_c, 1, 0, 0
1, 3, Control_c, 2, 0, 0
1, 3, Control_c, 3, 0, 0
1, 3, Control_c, 4, 0, 0
1, 3, Control_c, 5, 0, 0
1, 3, Control_c, 6, 0, 0
1, 3, Control_c, 7, 0, 0
1, 3, Control_c, 8, 0, 0
1, 3, Control_c, 9, 0, 127
1, 3, Control_c, 10, 0, 0
1, 3, Control_c, 11, 0, 0
1, 3, Control_c, 12, 0, 0
1, 3, Control_c, 13, 0, 0
1, 3, Control_c, 14, 0, 0
1, 3, Control_c, 15, 0, 0
1, 4, Control_c, 0, 32, 0
1, 4, Control_c, 1, 32, 0
1, 4, Control_c, 2, 32, 0
1, 4, Control_c, 3, 32, 0
1, 4, Control_c, 4, 32, 0
1, 4, Control_c, 5, 32, 0
1, 4, Control_c, 6, 32, 0
1, 4, Control_c, 7, 32, 0
1, 4, Control_c, 8, 32, 0
1, 4, Control_c, 9, 32, 0
1, 4, Control_c, 10, 32, 0
1, 4, Control_c, 11, 32, 0
1, 4, Control_c, 12, 32, 0
1, 4, Control_c, 13, 32, 0
1, 4, Control_c, 14, 32, 0
1, 4, Control_c, 15, 32, 0
1, 5, Program_c, 0, 0
1, 5, Program_c, 1, 0
1, 5, Program_c, 2, 0
1, 5, Program_c, 3, 0
1, 5, Program_c, 4, 0
1, 5, Program_c, 5, 0
1, 5, Program_c, 6, 0
1, 5, Program_c, 7, 0
1, 5, Program_c, 8, 0
1, 5, Program_c, 9, 0
1, 5, Program_c, 10, 0
1, 5, Program_c, 11, 0
1, 5, Program_c, 12, 0
1, 5, Program_c, 13, 0
1, 5, Program_c, 14, 0
1, 5, Program_c, 15, 0
1, 6, Control_c, 0, 7, 100
1, 6, Control_c, 1, 7, 100
1, 6, Control_c, 2, 7, 100
1, 6, Control_c, 3, 7, 100
1, 6, Control_c, 4, 7, 100
1, 6, Control_c, 5, 7, 100
1, 6, Control_c, 6, 7, 100
1, 6, Control_c, 7, 7, 100
1, 6, Control_c, 8, 7, 100
1, 6, Control_c, 9, 7, 100
1, 6, Control_c, 10, 7, 100
1, 6, Control_c, 11, 7, 100
1, 6, Control_c, 12, 7, 100
1, 6, Control_c, 13, 7, 100
1, 6, Control_c, 14, 7, 100
1, 6, Control_c, 15, 7, 100
1, 117, Control_c, 0, 64, 15
1, 229, Control_c, 0, 64, 31
1, 341, Control_c, 0, 64, 46
1, 452, Control_c, 0, 64, 63
1, 564, Control_c, 0, 64, 77
1, 676, Control_c, 0, 64, 94
1, 787, Control_c, 0, 64, 108
1, 899, Control_c, 0, 64, 127
1, 1136, Note_on_c, 0, 38, 41
1, 1136, Note_on_c, 0, 50, 42
1, 1221, Note_off_c, 0, 50, 51
1, 1246, Note_off_c, 0, 38, 36
1, 1877, Note_on_c, 0, 57, 44
1, 1979, Note_off_c, 0, 57, 59
1, 2018, Note_on_c, 0, 62, 48
1, 2030, Note_on_c, 0, 69, 47
1, 2067, Note_off_c, 0, 69, 64
1, 2072, Note_off_c, 0, 62, 60
1, 2079, Control_c, 0, 67, 8
1, 2094, Control_c, 0, 67, 10
1, 2109, Control_c, 0, 67, 12
1, 2124, Control_c, 0, 67, 14
1, 2139, Control_c, 0, 67, 17
1, 2153, Control_c, 0, 67, 20
1, 2168, Control_c, 0, 67, 23
1, 2183, Control_c, 0, 67, 26
1, 2198, Control_c, 0, 67, 30
1, 2212, Control_c, 0, 67, 34
1, 2227, Control_c, 0, 67, 38
1, 2242, Control_c, 0, 67, 43
1, 2257, Control_c, 0, 67, 48
1, 2272, Control_c, 0, 67, 53
1, 2286, Control_c, 0, 67, 58
1, 2301, Control_c, 0, 67, 62
1, 2316, Control_c, 0, 67, 65
1, 2331, Control_c, 0, 67, 68
1, 2346, Control_c, 0, 67, 72
1, 2360, Control_c, 0, 67, 76
1, 2383, Control_c, 0, 67, 80
1, 2398, Control_c, 0, 67, 83
1, 2414, Control_c, 0, 67, 87
1, 2429, Control_c, 0, 67, 90
1, 2444, Control_c, 0, 67, 93
1, 2458, Control_c, 0, 67, 95
1, 2473, Control_c, 0, 67, 98
1, 2488, Control_c, 0, 67, 100
1, 2503, Control_c, 0, 67, 102
1, 2512, Note_on_c, 0, 33, 39
1, 2515, Note_on_c, 0, 45, 39
1, 2517, Control_c, 0, 67, 104
1, 2532, Control_c, 0, 67, 105
1, 2547, Control_c, 0, 67, 106
1, 2557, Note_off_c, 0, 33, 58
1, 2562, Control_c, 0, 67, 106
1, 2564, Note_off_c, 0, 45, 57
1, 2577, Control_c, 0, 67, 108
1, 2591, Control_c, 0, 67, 109
1, 2606, Control_c, 0, 67, 110
1, 2621, Control_c, 0, 67, 111
1, 2635, Control_c, 0, 67, 113
1, 2650, Control_c, 0, 67, 114
1, 2665, Control_c, 0, 67, 115
1, 2680, Control_c, 0, 67, 115
1, 2769, Control_c, 0, 67, 116
1, 3005, Note_on_c, 0, 50, 39
1, 3006, Control_c, 0, 64, 95
1, 3016, Note_on_c, 0, 38, 37
1, 3021, Control_c, 0, 64, 77
1, 3035, Control_c, 0, 64, 59
1, 3050, Control_c, 0, 64, 0
1, 3281, Control_c, 0, 64, 41
1, 3296, Control_c, 0, 64, 60
1, 3311, Control_c, 0, 64, 65
1, 3326, Control_c, 0, 64, 70
1, 3340, Control_c, 0, 64, 76
1, 3355, Control_c, 0, 64, 89
1, 3370, Control_c, 0, 64, 109
1, 3385, Control_c, 0, 64, 127
1, 3385, Control_c, 0, 67, 115
1, 3429, Control_c, 0, 67, 115
1, 3473, Control_c, 0, 67, 114
1, 3555, Note_off_c, 0, 50, 37
1, 3556, Note_off_c, 0, 38, 41
1, 3606, Control_c, 0, 67, 114
1, 3738, Note_on_c, 0, 57, 37
1, 3892, Note_off_c, 0, 57, 36
1, 3904, Note_on_c, 0, 69, 48
1, 3918, Note_on_c, 0, 62, 34
1, 3953, Note_off_c, 0, 69, 58
1, 3964, Note_off_c, 0, 62, 59
1, 4267, Control_c, 0, 67, 113
1, 4355, Control_c, 0, 67, 113
1, 4385, Control_c, 0, 67, 112
1, 4414, Control_c, 0, 67, 111
1, 4429, Control_c, 0, 67, 111
1, 4438, Note_on_c, 0, 33, 34
1, 4444, Note_on_c, 0, 45, 31
1, 4444, Control_c, 0, 67, 109
1, 4459, Control_c, 0, 67, 108
1, 4474, Control_c, 0, 67, 106
1, 4488, Control_c, 0, 67, 104
1, 4503, Note_off_c, 0, 33, 57
1, 4503, Note_off_c, 0, 45, 59
1, 4503, Control_c, 0, 67, 101
1, 4518, Control_c, 0, 67, 95
1, 4533, Control_c, 0, 67, 87
1, 4548, Control_c, 0, 67, 76
1, 4563, Control_c, 0, 67, 60
1, 4578, Control_c, 0, 67, 45
1, 4593, Control_c, 0, 67, 34
1, 4607, Control_c, 0, 67, 25
1, 4629, Control_c, 0, 67, 19
1, 4644, Control_c, 0, 67, 12
1, 4659, Control_c, 0, 67, 0
1, 5030, Control_c, 0, 64, 121
1, 5043, Note_on_c, 0, 66, 56
1, 5045, Control_c, 0, 64, 89
1, 5060, Control_c, 0, 64, 68
1, 5075, Control_c, 0, 64, 0
1, 5078, Note_on_c, 0, 38, 32
1, 5085, Note_on_c, 0, 50, 23
1, 5097, Note_on_c, 0, 62, 20
1, 5123, Poly_aftertouch_c, 0, 57, 127
1, 5134, Control_c, 0, 64, 39
1, 5149, Control_c, 0, 64, 64
1, 5164, Control_c, 0, 64, 76
1, 5178, Control_c, 0, 64, 94
1, 5193, Control_c, 0, 64, 127
1, 5262, Note_off_c, 0, 38, 41
1, 5268, Note_off_c, 0, 66, 60
1, 5318, Note_off_c, 0, 50, 47
1, 5385, Note_on_c, 0, 66, 66
1, 5413, Poly_aftertouch_c, 0, 57, 0
1, 5466, Note_off_c, 0, 66, 61
1, 5508, Note_off_c, 0, 62, 40
1, 5547, Note_on_c, 0, 66, 65
1, 5584, Note_off_c, 0, 66, 57
1, 5653, Note_on_c, 0, 66, 51
1, 5680, Note_on_c, 0, 56, 43
1, 5726, Note_off_c, 0, 66, 59
1, 5738, Note_on_c, 0, 69, 52
1, 5761, Note_off_c, 0, 56, 51
1, 5765, Control_c, 0, 64, 122
1, 5774, Note_on_c, 0, 62, 33
1, 5780, Control_c, 0, 64, 91
1, 5795, Control_c, 0, 64, 73
1, 5809, Control_c, 0, 64, 17
1, 5824, Control_c, 0, 64, 0
1, 5825, Note_on_c, 0, 57, 35
1, 5836, Note_off_c, 0, 69, 59
1, 5839, Note_on_c, 0, 67, 57
1, 5871, Note_off_c, 0, 57, 60
1, 6282, Note_off_c, 0, 67, 59
1, 6291, Note_off_c, 0, 62, 51
1, 6292, Note_on_c, 0, 66, 53
1, 6306, Control_c, 0, 64, 52
1, 6311, Note_on_c, 0, 45, 34
1, 6321, Control_c, 0, 64, 68
1, 6335, Control_c, 0, 64, 81
1, 6350, Control_c, 0, 64, 101
1, 6354, Note_off_c, 0, 66, 58
1, 6365, Control_c, 0, 64, 127
1, 6369, Note_off_c, 0, 45, 56
1, 6527, Note_on_c, 0, 54, 37
1, 6558, Note_off_c, 0, 54, 60
1, 6599, Note_on_c, 0, 62, 37
1, 6662, Control_c, 0, 64, 91
1, 6676, Control_c, 0, 64, 68
1, 6691, Control_c, 0, 64, 0
1, 6696, Note_on_c, 0, 45, 33
1, 6700, Note_on_c, 0, 38, 28
1, 6742, Note_on_c, 0, 69, 52
1, 6781, Control_c, 0, 64, 54
1, 6795, Control_c, 0, 64, 67
1, 6810, Control_c, 0, 64, 76
1, 6825, Control_c, 0, 64, 88
1, 6828, Note_off_c, 0, 62, 41
1, 6840, Control_c, 0, 64, 109
1, 6855, Control_c, 0, 64, 127
1, 6857, Note_off_c, 0, 45, 38
1, 6885, Note_off_c, 0, 38, 41
1, 7395, Control_c, 0, 64, 94
1, 7410, Control_c, 0, 64, 71
1, 7420, Note_on_c, 0, 56, 37
1, 7424, Control_c, 0, 64, 0
1, 7466, Note_off_c, 0, 56, 60
1, 7484, Note_off_c, 0, 69, 63
1, 7497, Note_on_c, 0, 57, 46
1, 7528, Control_c, 0, 64, 61
1, 7539, Note_off_c, 0, 57, 61
1, 7543, Control_c, 0, 64, 72
1, 7558, Control_c, 0, 64, 86
1, 7572, Control_c, 0, 64, 127
1, 7780, Note_on_c, 0, 45, 48
1, 7821, Note_off_c, 0, 45, 61
1, 7829, Note_on_c, 0, 74, 74
1, 7868, Note_on_c, 0, 66, 38
1, 7899, Note_off_c, 0, 66, 52
1, 7979, Note_on_c, 0, 76, 81
1, 7999, Note_off_c, 0, 74, 60
1, 8009, Note_on_c, 0, 69, 52
1, 8033, Note_off_c, 0, 69, 60
1, 8121, Note_off_c, 0, 76, 57
1, 8149, Note_on_c, 0, 38, 40
1, 8156, Note_on_c, 0, 45, 41
1, 8188, Control_c, 0, 64, 101
1, 8203, Control_c, 0, 64, 74
1, 8218, Control_c, 0, 64, 0
1, 8226, Note_on_c, 0, 78, 71
1, 8245, Note_on_c, 0, 74, 57
1, 8321, Control_c, 0, 64, 53
1, 8336, Control_c, 0, 64, 68
1, 8351, Control_c, 0, 64, 82
1, 8373, Control_c, 0, 64, 108
1, 8387, Note_off_c, 0, 45, 36
1, 8388, Control_c, 0, 64, 127
1, 8411, Note_off_c, 0, 38, 41
1, 8427, Note_off_c, 0, 74, 62
1, 8430, Note_off_c, 0, 78, 60
1, 8764, Note_on_c, 0, 73, 69
1, 8768, Note_on_c, 0, 69, 60
1, 8799, Note_on_c, 0, 56, 50
1, 8799, Note_off_c, 0, 69, 66
1, 8846, Note_off_c, 0, 73, 62
1, 8853, Note_on_c, 0, 76, 62
1, 8863, Note_off_c, 0, 56, 54
1, 8864, Control_c, 0, 64, 111
1, 8878, Control_c, 0, 64, 84
1, 8893, Control_c, 0, 64, 64
1, 8908, Control_c, 0, 64, 0
1, 8923, Note_on_c, 0, 74, 74
1, 8937, Note_on_c, 0, 57, 42
1, 8951, Note_off_c, 0, 76, 59
1, 8951, Note_on_c, 0, 66, 61
1, 8982, Control_c, 0, 64, 63
1, 8987, Note_off_c, 0, 74, 65
1, 8996, Control_c, 0, 64, 74
1, 9004, Note_off_c, 0, 57, 59
1, 9011, Control_c, 0, 64, 89
1, 9016, Note_off_c, 0, 66, 62
1, 9026, Control_c, 0, 64, 127
1, 9329, Control_c, 0, 64, 102
1, 9344, Control_c, 0, 64, 77
1, 9346, Note_on_c, 0, 71, 59
1, 9359, Control_c, 0, 64, 56
1, 9363, Note_on_c, 0, 60, 42
1, 9365, Note_on_c, 0, 66, 42
1, 9374, Control_c, 0, 64, 0
1, 9378, Note_on_c, 0, 51, 36
1, 9386, Note_on_c, 0, 45, 29
1, 9433, Control_c, 0, 64, 63
1, 9448, Control_c, 0, 64, 73
1, 9463, Control_c, 0, 64, 85
1, 9477, Control_c, 0, 64, 109
1, 9492, Control_c, 0, 64, 127
1, 9511, Note_off_c, 0, 71, 52
1, 9535, Note_off_c, 0, 45, 39
1, 9541, Note_off_c, 0, 51, 44
1, 9555, Note_off_c, 0, 60, 57
1, 9589, Note_off_c, 0, 66, 59
1, 9848, Control_c, 0, 64, 100
1, 9852, Note_on_c, 0, 67, 48
1, 9863, Control_c, 0, 64, 80
1, 9886, Control_c, 0, 64, 64
1, 9888, Note_on_c, 0, 52, 28
1, 9890, Note_on_c, 0, 38, 30
1, 9896, Note_on_c, 0, 45, 33
1, 9898, Note_on_c, 0, 57, 27
1, 9900, Control_c, 0, 64, 0
1, 9902, Note_on_c, 0, 61, 38
1, 10033, Control_c, 0, 64, 38
1, 10048, Control_c, 0, 64, 66
1, 10063, Control_c, 0, 64, 77
1, 10078, Control_c, 0, 64, 95
1, 10093, Control_c, 0, 64, 127
1, 10112, Note_off_c, 0, 45, 37
1, 10121, Note_off_c, 0, 38, 40
1, 10190, Note_off_c, 0, 52, 41
1, 10301, Note_off_c, 0, 57, 43
1, 10421, Note_off_c, 0, 61, 42
1, 10583, Control_c, 0, 64, 86
1, 10597, Control_c, 0, 64, 64
1, 10620, Control_c, 0, 64, 0
1, 10653, Note_on_c, 0, 56, 36
1, 10691, Note_off_c, 0, 56, 59
1, 10710, Note_on_c, 0, 57, 45
1, 10753, Control_c, 0, 64, 60
1, 10767, Control_c, 0, 64, 73
1, 10772, Note_off_c, 0, 57, 54
1, 10782, Control_c, 0, 64, 88
1, 10797, Control_c, 0, 64, 127
1, 10834, Note_off_c, 0, 67, 61
1, 11003, Note_on_c, 0, 45, 47
1, 11057, Note_on_c, 0, 67, 69
1, 11095, Note_on_c, 0, 64, 40
1, 11126, Note_off_c, 0, 64, 54
1, 11149, Note_off_c, 0, 45, 0
1, 11166, Poly_aftertouch_c, 0, 45, 0
1, 11216, Note_on_c, 0, 69, 80
1, 11236, Note_off_c, 0, 67, 58
1, 11246, Note_on_c, 0, 66, 55
1, 11283, Note_off_c, 0, 66, 59
1, 11329, Note_off_c, 0, 69, 60
1, 11392, Note_on_c, 0, 38, 43
1, 11394, Note_on_c, 0, 45, 46
1, 11458, Control_c, 0, 64, 101
1, 11464, Note_on_c, 0, 71, 80
1, 11473, Control_c, 0, 64, 78
1, 11485, Note_on_c, 0, 67, 58
1, 11488, Control_c, 0, 64, 56
1, 11502, Control_c, 0, 64, 0
1, 11562, Control_c, 0, 64, 53
1, 11577, Control_c, 0, 64, 70
1, 11591, Control_c, 0, 64, 88
1, 11606, Control_c, 0, 64, 127
1, 11643, Note_off_c, 0, 38, 39
1, 11651, Note_off_c, 0, 45, 47
1, 11768, Note_off_c, 0, 67, 57
1, 11795, Note_off_c, 0, 71, 62
1, 12048, Note_on_c, 0, 73, 83
1, 12075, Note_on_c, 0, 69, 61
1, 12093, Note_on_c, 0, 56, 51
1, 12128, Note_off_c, 0, 73, 61
1, 12133, Control_c, 0, 64, 97
1, 12148, Control_c, 0, 64, 73
1, 12157, Note_off_c, 0, 69, 56
1, 12163, Control_c, 0, 64, 0
1, 12203, Note_off_c, 0, 56, 54
1, 12207, Control_c, 0, 64, 35
1, 12208, Note_on_c, 0, 76, 82
1, 12215, Note_on_c, 0, 73, 76
1, 12221, Control_c, 0, 64, 66
1, 12236, Note_on_c, 0, 57, 49
1, 12236, Control_c, 0, 64, 81
1, 12251, Control_c, 0, 64, 113
1, 12260, Note_off_c, 0, 73, 53
1, 12266, Control_c, 0, 64, 127
1, 12284, Note_off_c, 0, 57, 61
1, 12396, Note_off_c, 0, 76, 37
1, 12630, Note_on_c, 0, 74, 70
1, 12651, Control_c, 0, 64, 103
1, 12656, Note_on_c, 0, 71, 56
1, 12666, Control_c, 0, 64, 79
1, 12677, Note_on_c, 0, 45, 38
1, 12681, Control_c, 0, 64, 66
1, 12695, Control_c, 0, 64, 55
1, 12710, Control_c, 0, 64, 62
1, 12725, Control_c, 0, 64, 68
1, 12740, Control_c, 0, 64, 77
1, 12743, Note_off_c, 0, 71, 60
1, 12747, Note_off_c, 0, 74, 61
1, 12754, Control_c, 0, 64, 95
1, 12769, Control_c, 0, 64, 127
1, 12832, Note_off_c, 0, 45, 44
1, 13151, Note_on_c, 0, 74, 71
1, 13151, Note_on_c, 0, 45, 36
1, 13153, Note_on_c, 0, 38, 36
1, 13154, Note_on_c, 0, 52, 34
1, 13161, Note_on_c, 0, 71, 56
1, 13162, Control_c, 0, 64, 92
1, 13177, Control_c, 0, 64, 72
1, 13192, Control_c, 0, 64, 0
1, 13200, Note_off_c, 0, 74, 64
1, 13209, Note_on_c, 0, 76, 66
1, 13267, Note_on_c, 0, 74, 64
1, 13285, Note_off_c, 0, 76, 52
1, 13755, Note_off_c, 0, 71, 62
1, 13757, Note_on_c, 0, 73, 57
1, 13777, Note_off_c, 0, 74, 54
1, 13783, Note_on_c, 0, 69, 41
1, 13822, Control_c, 0, 64, 64
1, 13824, Note_off_c, 0, 38, 53
1, 13837, Note_off_c, 0, 45, 58
1, 13837, Control_c, 0, 64, 78
1, 13852, Note_off_c, 0, 52, 53
1, 13852, Control_c, 0, 64, 103
1, 13866, Control_c, 0, 64, 127
1, 14060, Note_on_c, 0, 56, 58
1, 14074, Control_c, 0, 64, 109
1, 14089, Control_c, 0, 64, 74
1, 14104, Control_c, 0, 64, 0
1, 14122, Note_off_c, 0, 56, 60
1, 14159, Note_on_c, 0, 57, 52
1, 14178, Control_c, 0, 64, 54
1, 14192, Control_c, 0, 64, 74
1, 14207, Control_c, 0, 64, 94
1, 14222, Control_c, 0, 64, 127
1, 14243, Note_off_c, 0, 57, 59
1, 14339, Note_off_c, 0, 69, 62
1, 14370, Note_off_c, 0, 73, 62
1, 14445, Note_on_c, 0, 45, 48
1, 14497, Note_on_c, 0, 76, 80
1, 14511, Note_on_c, 0, 73, 68
1, 14542, Control_c, 0, 64, 92
1, 14557, Control_c, 0, 64, 76
1, 14571, Control_c, 0, 64, 64
1, 14586, Control_c, 0, 64, 64
1, 14601, Control_c, 0, 64, 69
1, 14615, Control_c, 0, 64, 77
1, 14630, Control_c, 0, 64, 91
1, 14645, Control_c, 0, 64, 127
1, 14695, Note_on_c, 0, 71, 83
1, 14705, Note_off_c, 0, 45, 34
1, 14713, Note_on_c, 0, 67, 60
1, 14739, Note_off_c, 0, 73, 62
1, 14741, Note_off_c, 0, 67, 63
1, 14838, Note_off_c, 0, 71, 62
1, 14862, Note_off_c, 0, 76, 59
1, 14883, Note_on_c, 0, 45, 41
1, 14886, Note_on_c, 0, 49, 45
1, 14895, Note_on_c, 0, 38, 42
1, 14927, Control_c, 0, 64, 96
1, 14941, Control_c, 0, 64, 74
1, 14956, Control_c, 0, 64, 0
1, 14977, Note_on_c, 0, 74, 81
1, 15003, Note_on_c, 0, 71, 47
1, 15045, Control_c, 0, 64, 63
1, 15060, Control_c, 0, 64, 77
1, 15075, Control_c, 0, 64, 102
1, 15089, Control_c, 0, 64, 127
1, 15090, Note_off_c, 0, 74, 65
1, 15092, Note_off_c, 0, 71, 65
1, 15130, Note_off_c, 0, 38, 39
1, 15176, Note_off_c, 0, 45, 44
1, 15193, Note_off_c, 0, 49, 61
1, 15458, Note_on_c, 0, 69, 65
1, 15473, Note_on_c, 0, 66, 60
1, 15539, Note_off_c, 0, 66, 55
1, 15549, Note_off_c, 0, 69, 56
1, 15570, Note_on_c, 0, 56, 57
1, 15617, Control_c, 0, 64, 97
1, 15632, Control_c, 0, 64, 77
1, 15633, Note_off_c, 0, 56, 59
1, 15646, Control_c, 0, 64, 54
1, 15661, Control_c, 0, 64, 0
1, 15670, Note_on_c, 0, 57, 41
1, 15673, Note_on_c, 0, 69, 53
1, 15679, Note_on_c, 0, 73, 58
1, 15722, Note_off_c, 0, 57, 59
1, 15876, Control_c, 0, 67, 9
1, 15891, Control_c, 0, 67, 10
1, 15906, Control_c, 0, 67, 12
1, 15920, Control_c, 0, 67, 15
1, 15935, Control_c, 0, 67, 19
1, 15950, Control_c, 0, 67, 24
1, 15965, Control_c, 0, 67, 30
1, 15980, Control_c, 0, 67, 35
1, 15995, Control_c, 0, 67, 41
1, 16010, Control_c, 0, 67, 46
1, 16013, Note_off_c, 0, 69, 61
1, 16025, Control_c, 0, 67, 50
1, 16026, Note_on_c, 0, 67, 53
1, 16040, Control_c, 0, 67, 56
1, 16043, Note_on_c, 0, 64, 41
1, 16046, Note_on_c, 0, 45, 42
1, 16055, Control_c, 0, 67, 60
1, 16069, Control_c, 0, 67, 64
1, 16084, Control_c, 0, 67, 67
1, 16099, Control_c, 0, 67, 69
1, 16114, Control_c, 0, 64, 61
1, 16114, Control_c, 0, 67, 72
1, 16129, Control_c, 0, 64, 70
1, 16129, Control_c, 0, 67, 75
1, 16132, Note_off_c, 0, 73, 37
1, 16144, Control_c, 0, 64, 80
1, 16144, Control_c, 0, 67, 77
1, 16159, Control_c, 0, 64, 97
1, 16159, Control_c, 0, 67, 79
1, 16174, Control_c, 0, 64, 127
1, 16174, Control_c, 0, 67, 80
1, 16188, Control_c, 0, 67, 81
1, 16202, Note_off_c, 0, 45, 34
1, 16203, Control_c, 0, 67, 82
1, 16218, Control_c, 0, 67, 83
1, 16223, Note_off_c, 0, 64, 37
1, 16233, Control_c, 0, 67, 83
1, 16248, Control_c, 0, 67, 84
1, 16253, Note_off_c, 0, 67, 51
1, 16344, Note_on_c, 0, 45, 24
1, 16367, Note_on_c, 0, 50, 37
1, 16376, Note_on_c, 0, 38, 33
1, 16380, Control_c, 0, 67, 84
1, 16410, Control_c, 0, 64, 110
1, 16425, Control_c, 0, 64, 89
1, 16428, Note_on_c, 0, 71, 54
1, 16440, Control_c, 0, 64, 72
1, 16440, Control_c, 0, 67, 85
1, 16455, Control_c, 0, 64, 36
1, 16457, Note_on_c, 0, 65, 39
1, 16469, Control_c, 0, 64, 0
1, 16543, Control_c, 0, 67, 85
1, 16603, Control_c, 0, 67, 86
1, 16625, Control_c, 0, 67, 86
1, 16640, Control_c, 0, 67, 88
1, 16655, Control_c, 0, 67, 89
1, 16669, Control_c, 0, 67, 90
1, 16684, Control_c, 0, 67, 90
1, 16699, Control_c, 0, 67, 91
1, 16713, Control_c, 0, 67, 92
1, 16743, Control_c, 0, 67, 92
1, 16966, Control_c, 0, 67, 92
1, 16981, Control_c, 0, 67, 91
1, 16986, Note_off_c, 0, 65, 36
1, 16990, Note_on_c, 0, 69, 39
1, 16996, Control_c, 0, 67, 90
1, 17002, Note_on_c, 0, 66, 39
1, 17011, Control_c, 0, 67, 88
1, 17026, Control_c, 0, 67, 86
1, 17041, Control_c, 0, 64, 58
1, 17041, Control_c, 0, 67, 84
1, 17041, Note_off_c, 0, 71, 54
1, 17056, Control_c, 0, 64, 68
1, 17056, Control_c, 0, 67, 82
1, 17057, Note_off_c, 0, 38, 53
1, 17059, Note_off_c, 0, 45, 58
1, 17062, Note_off_c, 0, 50, 63
1, 17071, Control_c, 0, 64, 79
1, 17071, Control_c, 0, 67, 80
1, 17085, Control_c, 0, 64, 99
1, 17085, Control_c, 0, 67, 78
1, 17100, Control_c, 0, 64, 127
1, 17100, Control_c, 0, 67, 73
1, 17115, Control_c, 0, 67, 65
1, 17129, Control_c, 0, 67, 53
1, 17138, Note_off_c, 0, 66, 62
1, 17139, Note_off_c, 0, 69, 61
1, 17144, Control_c, 0, 67, 38
1, 17159, Control_c, 0, 67, 25
1, 17174, Control_c, 0, 67, 14
1, 17189, Control_c, 0, 67, 0
1, 17351, Note_on_c, 0, 56, 53
1, 17403, Control_c, 0, 64, 110
1, 17417, Control_c, 0, 64, 84
1, 17426, Note_off_c, 0, 56, 62
1, 17432, Control_c, 0, 64, 61
1, 17437, Note_on_c, 0, 57, 61
1, 17447, Control_c, 0, 64, 0
1, 17685, Note_on_c, 0, 68, 62
1, 17695, Note_on_c, 0, 65, 46
1, 17956, Note_on_c, 0, 81, 54
1, 17966, Note_off_c, 0, 65, 51
1, 17968, Note_on_c, 0, 69, 46
1, 18037, Note_off_c, 0, 68, 52
1, 18227, Control_c, 0, 64, 35
1, 18241, Control_c, 0, 64, 53
1, 18256, Control_c, 0, 64, 61
1, 18271, Control_c, 0, 64, 64
1, 18286, Control_c, 0, 64, 67
1, 18301, Control_c, 0, 64, 71
1, 18315, Control_c, 0, 64, 75
1, 18330, Control_c, 0, 64, 81
1, 18345, Control_c, 0, 64, 88
1, 18359, Control_c, 0, 64, 96
1, 18362, Note_on_c, 0, 67, 38
1, 18367, Note_on_c, 0, 61, 40
1, 18374, Control_c, 0, 64, 112
1, 18389, Note_on_c, 0, 64, 33
1, 18390, Control_c, 0, 64, 127
1, 18405, Control_c, 0, 67, 8
1, 18416, Note_off_c, 0, 81, 62
1, 18420, Control_c, 0, 67, 12
1, 18427, Note_off_c, 0, 69, 62
1, 18435, Control_c, 0, 67, 19
1, 18449, Note_off_c, 0, 64, 45
1, 18450, Control_c, 0, 67, 27
1, 18459, Note_off_c, 0, 67, 60
1, 18464, Control_c, 0, 67, 36
1, 18479, Control_c, 0, 67, 47
1, 18481, Note_off_c, 0, 61, 51
1, 18486, Note_off_c, 0, 57, 33
1, 18494, Control_c, 0, 67, 57
1, 18509, Control_c, 0, 67, 68
1, 18524, Control_c, 0, 67, 77
1, 18538, Control_c, 0, 67, 88
1, 18553, Control_c, 0, 67, 98
1, 18568, Control_c, 0, 67, 107
1, 18582, Control_c, 0, 67, 117
1, 18597, Control_c, 0, 67, 126
1, 18612, Control_c, 0, 67, 127
1, 18971, Note_on_c, 0, 38, 38
1, 19005, Control_c, 0, 64, 119
1, 19020, Control_c, 0, 64, 96
1, 19032, Note_on_c, 0, 45, 46
1, 19035, Control_c, 0, 64, 80
1, 19050, Control_c, 0, 64, 68
1, 19064, Control_c, 0, 64, 41
1, 19079, Control_c, 0, 64, 0
1, 19095, Note_on_c, 0, 54, 43
1, 19151, Note_on_c, 0, 62, 44
1, 19253, Note_on_c, 0, 66, 63
1, 19302, Control_c, 0, 64, 52
1, 19317, Control_c, 0, 64, 67
1, 19331, Control_c, 0, 64, 75
1, 19346, Control_c, 0, 64, 88
1, 19361, Control_c, 0, 64, 119
1, 19376, Control_c, 0, 64, 127
1, 19386, Note_off_c, 0, 38, 40
1, 19387, Note_off_c, 0, 45, 52
1, 19444, Note_off_c, 0, 66, 60
1, 19461, Note_off_c, 0, 54, 37
1, 19541, Note_on_c, 0, 66, 78
1, 19616, Note_off_c, 0, 66, 62
1, 19646, Note_off_c, 0, 62, 60
1, 19694, Note_on_c, 0, 66, 76
1, 19735, Note_off_c, 0, 66, 60
1, 19798, Note_on_c, 0, 66, 59
1, 19805, Note_on_c, 0, 54, 50
1, 19845, Note_off_c, 0, 54, 60
1, 19850, Note_on_c, 0, 55, 43
1, 19873, Note_off_c, 0, 66, 59
1, 19879, Note_on_c, 0, 62, 3
1, 19888, Note_on_c, 0, 69, 61
1, 19888, Note_off_c, 0, 55, 62
1, 19901, Control_c, 0, 64, 103
1, 19908, Note_on_c, 0, 56, 51
1, 19916, Control_c, 0, 64, 83
1, 19930, Control_c, 0, 64, 67
1, 19945, Control_c, 0, 64, 0
1, 19962, Note_off_c, 0, 56, 57
1, 19999, Note_on_c, 0, 67, 61
1, 20002, Note_off_c, 0, 69, 59
1, 20007, Note_on_c, 0, 57, 49
1, 20051, Note_off_c, 0, 57, 63
1, 20382, Note_off_c, 0, 62, 54
1, 20393, Note_on_c, 0, 66, 54
1, 20393, Note_off_c, 0, 67, 59
1, 20412, Note_on_c, 0, 45, 34
1, 20428, Control_c, 0, 64, 40
1, 20442, Control_c, 0, 64, 66
1, 20451, Note_off_c, 0, 66, 56
1, 20457, Control_c, 0, 64, 76
1, 20472, Control_c, 0, 64, 94
1, 20482, Note_off_c, 0, 45, 55
1, 20487, Control_c, 0, 64, 127
1, 20651, Note_on_c, 0, 54, 44
1, 20705, Note_off_c, 0, 54, 57
1, 20722, Note_on_c, 0, 62, 36
1, 20818, Note_on_c, 0, 45, 37
1, 20824, Note_on_c, 0, 38, 38
1, 20829, Control_c, 0, 64, 98
1, 20844, Control_c, 0, 64, 81
1, 20858, Control_c, 0, 64, 69
1, 20873, Control_c, 0, 64, 21
1, 20888, Control_c, 0, 64, 0
1, 20899, Note_on_c, 0, 69, 52
1, 20962, Control_c, 0, 64, 61
1, 20976, Control_c, 0, 64, 70
1, 20991, Note_off_c, 0, 69, 59
1, 20991, Control_c, 0, 64, 80
1, 21006, Control_c, 0, 64, 96
1, 21009, Note_off_c, 0, 45, 50
1, 21015, Note_off_c, 0, 38, 47
1, 21021, Control_c, 0, 64, 127
1, 21025, Note_off_c, 0, 62, 50
1, 21481, Note_on_c, 0, 69, 57
1, 21511, Note_off_c, 0, 69, 67
1, 21569, Note_on_c, 0, 81, 45
1, 21625, Note_on_c, 0, 86, 51
1, 21644, Note_off_c, 0, 81, 61
1, 21681, Note_on_c, 0, 93, 58
1, 21682, Control_c, 0, 67, 122
1, 21691, Note_off_c, 0, 86, 64
1, 21694, Note_on_c, 0, 78, 48
1, 21697, Control_c, 0, 67, 111
1, 21707, Note_on_c, 0, 74, 49
1, 21710, Note_off_c, 0, 93, 67
1, 21712, Control_c, 0, 67, 97
1, 21724, Note_off_c, 0, 78, 65
1, 21726, Control_c, 0, 67, 76
1, 21741, Control_c, 0, 67, 55
1, 21749, Note_off_c, 0, 74, 60
1, 21756, Control_c, 0, 67, 33
1, 21771, Control_c, 0, 67, 9
1, 21786, Control_c, 0, 67, 0
1, 22026, Note_on_c, 0, 74, 76
1, 22043, Note_on_c, 0, 71, 54
1, 22052, Note_on_c, 0, 67, 54
1, 22060, Control_c, 0, 64, 119
1, 22073, Note_off_c, 0, 71, 66
1, 22075, Control_c, 0, 64, 92
1, 22076, Note_on_c, 0, 45, 48
1, 22089, Control_c, 0, 64, 75
1, 22101, Note_off_c, 0, 67, 58
1, 22104, Control_c, 0, 64, 70
1, 22119, Control_c, 0, 64, 72
1, 22133, Control_c, 0, 64, 81
1, 22148, Control_c, 0, 64, 95
1, 22163, Control_c, 0, 64, 127
1, 22176, Note_on_c, 0, 76, 80
1, 22198, Note_on_c, 0, 73, 65
1, 22201, Note_off_c, 0, 74, 63
1, 22237, Note_off_c, 0, 73, 56
1, 22281, Note_off_c, 0, 76, 50
1, 22311, Note_on_c, 0, 38, 57
1, 22356, Control_c, 0, 64, 119
1, 22371, Control_c, 0, 64, 85
1, 22386, Control_c, 0, 64, 65
1, 22398, Note_on_c, 0, 78, 78
1, 22401, Control_c, 0, 64, 0
1, 22413, Note_on_c, 0, 74, 62
1, 22434, Note_on_c, 0, 66, 49
1, 22516, Note_off_c, 0, 45, 31
1, 22549, Control_c, 0, 64, 63
1, 22564, Control_c, 0, 64, 74
1, 22579, Control_c, 0, 64, 89
1, 22601, Control_c, 0, 64, 127
1, 22708, Note_off_c, 0, 74, 37
1, 22754, Note_off_c, 0, 66, 37
1, 22781, Note_on_c, 0, 46, 77
1, 22866, Note_off_c, 0, 78, 62
1, 22894, Note_on_c, 0, 73, 75
1, 22924, Note_on_c, 0, 67, 53
1, 22960, Note_off_c, 0, 67, 61
1, 23024, Note_off_c, 0, 46, 56
1, 23060, Control_c, 0, 64, 94
1, 23062, Note_on_c, 0, 76, 66
1, 23074, Control_c, 0, 64, 69
1, 23080, Note_off_c, 0, 73, 57
1, 23089, Control_c, 0, 64, 0
1, 23092, Note_on_c, 0, 74, 82
1, 23110, Note_on_c, 0, 47, 78
1, 23115, Note_on_c, 0, 66, 61
1, 23140, Note_off_c, 0, 76, 55
1, 23188, Note_off_c, 0, 38, 47
1, 23194, Control_c, 0, 64, 58
1, 23203, Note_off_c, 0, 74, 64
1, 23209, Control_c, 0, 64, 71
1, 23224, Control_c, 0, 64, 92
1, 23239, Control_c, 0, 64, 127
1, 23246, Note_off_c, 0, 66, 61
1, 23518, Note_on_c, 0, 71, 73
1, 23527, Control_c, 0, 64, 116
1, 23530, Note_on_c, 0, 48, 75
1, 23539, Note_on_c, 0, 66, 55
1, 23542, Control_c, 0, 64, 85
1, 23550, Note_on_c, 0, 38, 56
1, 23556, Note_on_c, 0, 63, 45
1, 23557, Control_c, 0, 64, 65
1, 23559, Note_off_c, 0, 47, 64
1, 23571, Control_c, 0, 64, 0
1, 23675, Control_c, 0, 64, 63
1, 23690, Control_c, 0, 64, 76
1, 23695, Note_off_c, 0, 63, 47
1, 23704, Control_c, 0, 64, 95
1, 23714, Note_off_c, 0, 38, 55
1, 23719, Control_c, 0, 64, 127
1, 23729, Note_off_c, 0, 48, 62
1, 23760, Note_off_c, 0, 71, 50
1, 23833, Note_off_c, 0, 66, 55
1, 24016, Control_c, 0, 64, 119
1, 24022, Note_on_c, 0, 67, 63
1, 24031, Control_c, 0, 64, 86
1, 24037, Note_on_c, 0, 64, 51
1, 24042, Note_on_c, 0, 57, 42
1, 24046, Note_on_c, 0, 49, 47
1, 24046, Control_c, 0, 64, 64
1, 24049, Note_on_c, 0, 38, 43
1, 24061, Control_c, 0, 64, 0
1, 24262, Control_c, 0, 64, 51
1, 24276, Control_c, 0, 64, 69
1, 24291, Control_c, 0, 64, 84
1, 24291, Control_c, 0, 67, 8
1, 24306, Control_c, 0, 64, 127
1, 24306, Control_c, 0, 67, 9
1, 24320, Control_c, 0, 67, 10
1, 24335, Control_c, 0, 67, 11
1, 24350, Control_c, 0, 67, 12
1, 24365, Control_c, 0, 67, 13
1, 24379, Note_off_c, 0, 57, 44
1, 24379, Note_off_c, 0, 49, 63
1, 24380, Control_c, 0, 67, 14
1, 24394, Note_off_c, 0, 38, 40
1, 24395, Control_c, 0, 67, 16
1, 24404, Note_off_c, 0, 64, 60
1, 24410, Control_c, 0, 67, 20
1, 24425, Note_off_c, 0, 67, 61
1, 24425, Control_c, 0, 67, 28
1, 24440, Control_c, 0, 67, 35
1, 24455, Control_c, 0, 67, 41
1, 24469, Control_c, 0, 67, 48
1, 24484, Control_c, 0, 67, 57
1, 24499, Control_c, 0, 67, 68
1, 24514, Control_c, 0, 67, 79
1, 24528, Control_c, 0, 67, 89
1, 24543, Control_c, 0, 67, 99
1, 24558, Control_c, 0, 67, 109
1, 24573, Control_c, 0, 67, 119
1, 24588, Control_c, 0, 67, 127
1, 24705, Note_on_c, 0, 69, 53
1, 24743, Note_off_c, 0, 69, 62
1, 24785, Note_on_c, 0, 81, 50
1, 24830, Note_off_c, 0, 81, 49
1, 24838, Note_on_c, 0, 85, 60
1, 24908, Note_on_c, 0, 93, 57
1, 24918, Note_off_c, 0, 85, 63
1, 24927, Note_on_c, 0, 79, 55
1, 24932, Note_on_c, 0, 76, 53
1, 24939, Note_off_c, 0, 93, 66
1, 24952, Note_off_c, 0, 79, 63
1, 24992, Note_off_c, 0, 76, 56
1, 25025, Control_c, 0, 67, 127
1, 25040, Control_c, 0, 67, 118
1, 25055, Control_c, 0, 67, 106
1, 25070, Control_c, 0, 67, 93
1, 25084, Control_c, 0, 67, 81
1, 25099, Control_c, 0, 67, 71
1, 25114, Control_c, 0, 67, 62
1, 25129, Control_c, 0, 67, 54
1, 25143, Control_c, 0, 67, 49
1, 25158, Control_c, 0, 67, 45
1, 25173, Control_c, 0, 67, 39
1, 25188, Control_c, 0, 67, 35
1, 25203, Control_c, 0, 67, 31
1, 25218, Control_c, 0, 67, 29
1, 25233, Control_c, 0, 67, 28
1, 25238, Note_on_c, 0, 67, 76
1, 25247, Control_c, 0, 64, 97
1, 25247, Control_c, 0, 67, 25
1, 25262, Control_c, 0, 64, 74
1, 25262, Control_c, 0, 67, 23
1, 25267, Note_on_c, 0, 45, 55
1, 25268, Note_on_c, 0, 64, 48
1, 25277, Control_c, 0, 64, 0
1, 25277, Control_c, 0, 67, 20
1, 25292, Control_c, 0, 67, 16
1, 25297, Note_off_c, 0, 64, 58
1, 25307, Control_c, 0, 67, 11
1, 25322, Control_c, 0, 64, 52
1, 25322, Control_c, 0, 67, 0
1, 25337, Control_c, 0, 64, 68
1, 25351, Control_c, 0, 64, 82
1, 25366, Control_c, 0, 64, 127
1, 25391, Note_on_c, 0, 69, 84
1, 25408, Note_on_c, 0, 66, 69
1, 25425, Note_off_c, 0, 67, 60
1, 25485, Note_off_c, 0, 66, 54
1, 25529, Note_off_c, 0, 45, 0
1, 25534, Note_off_c, 0, 69, 61
1, 25548, Note_on_c, 0, 45, 28
1, 25559, Note_on_c, 0, 38, 51
1, 25562, Note_on_c, 0, 49, 54
1, 25626, Control_c, 0, 64, 106
1, 25641, Control_c, 0, 64, 80
1, 25647, Note_on_c, 0, 71, 84
1, 25656, Control_c, 0, 64, 56
1, 25662, Note_on_c, 0, 67, 67
1, 25671, Control_c, 0, 64, 0
1, 25745, Control_c, 0, 64, 51
1, 25760, Control_c, 0, 64, 69
1, 25774, Control_c, 0, 64, 85
1, 25789, Control_c, 0, 64, 127
1, 25790, Note_off_c, 0, 38, 48
1, 25811, Note_off_c, 0, 45, 50
1, 25858, Note_off_c, 0, 49, 62
1, 25940, Note_off_c, 0, 67, 53
1, 25978, Note_off_c, 0, 71, 62
1, 26204, Note_on_c, 0, 73, 84
1, 26224, Note_on_c, 0, 69, 65
1, 26225, Note_on_c, 0, 54, 51
1, 26266, Note_off_c, 0, 54, 58
1, 26268, Note_on_c, 0, 55, 47
1, 26282, Note_off_c, 0, 73, 62
1, 26306, Note_off_c, 0, 55, 61
1, 26311, Note_off_c, 0, 69, 59
1, 26316, Note_on_c, 0, 56, 55
1, 26322, Control_c, 0, 64, 90
1, 26344, Control_c, 0, 64, 64
1, 26359, Control_c, 0, 64, 0
1, 26383, Note_on_c, 0, 76, 83
1, 26390, Note_on_c, 0, 73, 77
1, 26396, Note_off_c, 0, 56, 60
1, 26408, Note_on_c, 0, 57, 57
1, 26434, Control_c, 0, 64, 51
1, 26449, Control_c, 0, 64, 70
1, 26464, Control_c, 0, 64, 95
1, 26470, Note_off_c, 0, 57, 56
1, 26479, Control_c, 0, 64, 127
1, 26497, Note_off_c, 0, 73, 50
1, 26524, Note_off_c, 0, 76, 57
1, 26775, Control_c, 0, 67, 9
1, 26790, Control_c, 0, 67, 12
1, 26804, Control_c, 0, 64, 108
1, 26804, Control_c, 0, 67, 15
1, 26819, Control_c, 0, 64, 82
1, 26819, Control_c, 0, 67, 20
1, 26821, Note_on_c, 0, 74, 59
1, 26834, Control_c, 0, 64, 60
1, 26834, Control_c, 0, 67, 26
1, 26838, Note_on_c, 0, 71, 51
1, 26848, Note_on_c, 0, 45, 38
1, 26849, Control_c, 0, 64, 0
1, 26849, Control_c, 0, 67, 32
1, 26864, Control_c, 0, 67, 38
1, 26878, Control_c, 0, 64, 56
1, 26878, Control_c, 0, 67, 45
1, 26893, Control_c, 0, 64, 68
1, 26893, Control_c, 0, 67, 52
1, 26905, Note_off_c, 0, 71, 57
1, 26908, Note_off_c, 0, 74, 60
1, 26908, Control_c, 0, 64, 82
1, 26908, Control_c, 0, 67, 61
1, 26923, Control_c, 0, 64, 127
1, 26923, Control_c, 0, 67, 68
1, 26938, Control_c, 0, 67, 74
1, 26952, Control_c, 0, 67, 80
1, 26967, Control_c, 0, 67, 88
1, 26982, Control_c, 0, 67, 95
1, 26997, Control_c, 0, 67, 102
1, 27009, Note_off_c, 0, 45, 42
1, 27012, Control_c, 0, 67, 110
1, 27027, Control_c, 0, 67, 117
1, 27042, Control_c, 0, 67, 123
1, 27057, Control_c, 0, 67, 127
1, 27346, Control_c, 0, 64, 94
1, 27361, Control_c, 0, 64, 74
1, 27374, Note_on_c, 0, 74, 64
1, 27376, Control_c, 0, 64, 29
1, 27383, Note_on_c, 0, 38, 36
1, 27391, Control_c, 0, 64, 0
1, 27393, Note_on_c, 0, 45, 31
1, 27397, Note_on_c, 0, 52, 27
1, 27400, Note_off_c, 0, 74, 68
1, 27414, Note_on_c, 0, 71, 34
1, 27419, Note_on_c, 0, 76, 52
1, 27471, Note_off_c, 0, 76, 43
1, 27475, Note_on_c, 0, 74, 64
1, 27732, Note_off_c, 0, 74, 58
1, 27737, Note_off_c, 0, 71, 59
1, 27743, Note_on_c, 0, 73, 57
1, 27762, Note_on_c, 0, 69, 37
1, 27820, Control_c, 0, 64, 38
1, 27835, Control_c, 0, 64, 66
1, 27857, Control_c, 0, 64, 74
1, 27869, Note_off_c, 0, 45, 57
1, 27871, Note_off_c, 0, 38, 54
1, 27871, Control_c, 0, 64, 85
1, 27886, Note_off_c, 0, 52, 50
1, 27886, Control_c, 0, 64, 106
1, 27898, Note_off_c, 0, 69, 63
1, 27901, Control_c, 0, 64, 127
1, 27939, Note_off_c, 0, 73, 63
1, 28151, Note_on_c, 0, 69, 51
1, 28204, Note_on_c, 0, 81, 52
1, 28208, Note_off_c, 0, 69, 54
1, 28249, Note_off_c, 0, 81, 51
1, 28252, Note_on_c, 0, 85, 62
1, 28318, Note_on_c, 0, 93, 65
1, 28325, Note_off_c, 0, 85, 63
1, 28348, Note_off_c, 0, 93, 64
1, 28350, Note_on_c, 0, 76, 49
1, 28351, Note_on_c, 0, 79, 42
1, 28376, Note_off_c, 0, 79, 57
1, 28400, Note_off_c, 0, 76, 56
1, 28650, Control_c, 0, 64, 88
1, 28655, Note_on_c, 0, 76, 84
1, 28662, Note_on_c, 0, 73, 80
1, 28665, Control_c, 0, 64, 70
1, 28680, Control_c, 0, 64, 43
1, 28690, Note_on_c, 0, 45, 55
1, 28694, Control_c, 0, 64, 41
1, 28709, Control_c, 0, 64, 63
1, 28724, Control_c, 0, 64, 70
1, 28739, Control_c, 0, 64, 82
1, 28754, Control_c, 0, 64, 102
1, 28770, Control_c, 0, 64, 127
1, 28825, Note_on_c, 0, 71, 81
1, 28835, Note_on_c, 0, 67, 74
1, 28871, Note_off_c, 0, 67, 57
1, 28881, Note_off_c, 0, 73, 57
1, 28960, Note_on_c, 0, 38, 58
1, 28968, Note_off_c, 0, 71, 61
1, 28977, Note_off_c, 0, 76, 60
1, 29096, Control_c, 0, 64, 92
1, 29110, Control_c, 0, 64, 67
1, 29115, Note_on_c, 0, 74, 82
1, 29125, Control_c, 0, 64, 0
1, 29129, Note_on_c, 0, 71, 71
1, 29163, Note_on_c, 0, 49, 50
1, 29214, Control_c, 0, 64, 49
1, 29229, Control_c, 0, 64, 70
1, 29244, Control_c, 0, 64, 88
1, 29258, Control_c, 0, 64, 127
1, 29267, Note_off_c, 0, 45, 47
1, 29274, Note_off_c, 0, 74, 64
1, 29278, Note_off_c, 0, 71, 64
1, 29286, Note_off_c, 0, 38, 37
1, 29322, Note_off_c, 0, 49, 63
1, 29653, Note_on_c, 0, 69, 70
1, 29668, Note_on_c, 0, 66, 61
1, 29698, Note_on_c, 0, 54, 52
1, 29710, Note_off_c, 0, 66, 54
1, 29728, Note_off_c, 0, 54, 64
1, 29737, Note_off_c, 0, 69, 58
1, 29743, Note_on_c, 0, 55, 47
1, 29770, Note_off_c, 0, 55, 61
1, 29784, Note_on_c, 0, 56, 58
1, 29800, Control_c, 0, 64, 100
1, 29814, Control_c, 0, 64, 79
1, 29823, Note_off_c, 0, 56, 61
1, 29829, Control_c, 0, 64, 58
1, 29844, Control_c, 0, 64, 0
1, 29860, Note_on_c, 0, 57, 48
1, 29861, Note_on_c, 0, 73, 65
1, 29867, Note_on_c, 0, 69, 58
1, 29901, Note_off_c, 0, 57, 63
1, 30190, Note_off_c, 0, 69, 59
1, 30213, Note_on_c, 0, 67, 55
1, 30229, Note_on_c, 0, 64, 39
1, 30230, Note_on_c, 0, 45, 41
1, 30266, Control_c, 0, 64, 60
1, 30281, Control_c, 0, 64, 70
1, 30296, Control_c, 0, 64, 82
1, 30297, Note_off_c, 0, 64, 56
1, 30311, Control_c, 0, 64, 102
1, 30312, Note_off_c, 0, 73, 38
1, 30326, Control_c, 0, 64, 127
1, 30328, Note_off_c, 0, 67, 59
1, 30557, Note_on_c, 0, 50, 36
1, 30563, Note_on_c, 0, 38, 34
1, 30593, Control_c, 0, 64, 116
1, 30608, Control_c, 0, 64, 92
1, 30612, Note_on_c, 0, 71, 55
1, 30623, Control_c, 0, 64, 77
1, 30625, Note_on_c, 0, 65, 41
1, 30637, Control_c, 0, 64, 58
1, 30652, Control_c, 0, 64, 0
1, 31145, Note_off_c, 0, 65, 46
1, 31167, Note_on_c, 0, 69, 42
1, 31182, Note_on_c, 0, 66, 35
1, 31186, Note_off_c, 0, 71, 54
1, 31224, Control_c, 0, 64, 21
1, 31233, Note_off_c, 0, 45, 58
1, 31236, Note_off_c, 0, 38, 52
1, 31237, Note_off_c, 0, 50, 63
1, 31239, Control_c, 0, 64, 64
1, 31254, Control_c, 0, 64, 76
1, 31257, Note_off_c, 0, 69, 62
1, 31260, Note_off_c, 0, 66, 62
1, 31269, Control_c, 0, 64, 96
1, 31284, Control_c, 0, 64, 127
1, 31506, Control_c, 0, 67, 126
1, 31520, Control_c, 0, 67, 124
1, 31535, Control_c, 0, 67, 121
1, 31550, Control_c, 0, 67, 118
1, 31552, Note_on_c, 0, 69, 44
1, 31565, Control_c, 0, 67, 113
1, 31579, Control_c, 0, 67, 108
1, 31594, Note_off_c, 0, 69, 63
1, 31601, Control_c, 0, 67, 100
1, 31607, Note_on_c, 0, 81, 50
1, 31616, Control_c, 0, 67, 93
1, 31631, Control_c, 0, 67, 85
1, 31646, Control_c, 0, 67, 78
1, 31661, Control_c, 0, 67, 71
1, 31665, Note_on_c, 0, 86, 49
1, 31675, Control_c, 0, 67, 63
1, 31680, Note_off_c, 0, 81, 57
1, 31690, Control_c, 0, 67, 56
1, 31705, Control_c, 0, 67, 47
1, 31719, Control_c, 0, 67, 41
1, 31734, Control_c, 0, 67, 35
1, 31741, Note_on_c, 0, 93, 48
1, 31749, Note_off_c, 0, 86, 65
1, 31749, Control_c, 0, 67, 28
1, 31753, Note_on_c, 0, 78, 50
1, 31764, Note_off_c, 0, 93, 59
1, 31764, Control_c, 0, 67, 20
1, 31770, Note_on_c, 0, 74, 44
1, 31779, Control_c, 0, 67, 8
1, 31789, Note_off_c, 0, 78, 65
1, 31793, Control_c, 0, 67, 0
1, 31832, Note_off_c, 0, 74, 55
1, 32225, Note_on_c, 0, 74, 94
1, 32239, Control_c, 0, 64, 97
1, 32243, Note_on_c, 0, 38, 58
1, 32248, Note_on_c, 0, 46, 57
1, 32254, Control_c, 0, 64, 74
1, 32257, Note_on_c, 0, 62, 51
1, 32268, Control_c, 0, 64, 58
1, 32273, Note_on_c, 0, 66, 30
1, 32283, Control_c, 0, 64, 0
1, 32298, Control_c, 0, 64, 39
1, 32313, Control_c, 0, 64, 62
1, 32327, Control_c, 0, 64, 70
1, 32349, Control_c, 0, 64, 81
1, 32364, Control_c, 0, 64, 96
1, 32379, Control_c, 0, 64, 127
1, 32448, Note_off_c, 0, 38, 57
1, 32522, Note_off_c, 0, 46, 59
1, 32682, Note_off_c, 0, 74, 57
1, 32685, Note_off_c, 0, 62, 54
1, 32714, Note_on_c, 0, 47, 57
1, 32717, Note_on_c, 0, 35, 56
1, 32718, Note_off_c, 0, 66, 51
1, 32787, Note_on_c, 0, 74, 86
1, 32795, Control_c, 0, 64, 88
1, 32810, Control_c, 0, 64, 66
1, 32824, Note_on_c, 0, 66, 45
1, 32825, Control_c, 0, 64, 0
1, 32827, Note_on_c, 0, 62, 45
1, 32883, Control_c, 0, 64, 62
1, 32898, Control_c, 0, 64, 72
1, 32913, Control_c, 0, 64, 90
1, 32928, Control_c, 0, 64, 127
1, 33008, Note_off_c, 0, 35, 62
1, 33088, Note_off_c, 0, 66, 52
1, 33099, Note_off_c, 0, 47, 62
1, 33119, Note_on_c, 0, 73, 86
1, 33225, Note_off_c, 0, 62, 53
1, 33267, Note_off_c, 0, 74, 50
1, 33318, Note_on_c, 0, 71, 88
1, 33383, Note_off_c, 0, 73, 59
1, 33406, Note_on_c, 0, 47, 57
1, 33447, Note_off_c, 0, 71, 59
1, 33483, Control_c, 0, 64, 94
1, 33498, Control_c, 0, 64, 70
1, 33513, Control_c, 0, 64, 0
1, 33534, Note_on_c, 0, 73, 87
1, 33549, Note_on_c, 0, 52, 58
1, 33552, Note_on_c, 0, 67, 65
1, 33557, Note_on_c, 0, 58, 63
1, 33557, Note_on_c, 0, 62, 64
1, 33573, Control_c, 0, 64, 23
1, 33583, Note_off_c, 0, 47, 65
1, 33588, Control_c, 0, 64, 68
1, 33591, Note_off_c, 0, 62, 62
1, 33600, Note_off_c, 0, 52, 62
1, 33603, Control_c, 0, 64, 87
1, 33618, Control_c, 0, 64, 127
1, 33623, Note_off_c, 0, 67, 60
1, 33631, Note_off_c, 0, 58, 64
1, 33674, Note_off_c, 0, 73, 63
1, 33805, Note_on_c, 0, 83, 71
1, 33892, Note_off_c, 0, 83, 60
1, 33910, Note_on_c, 0, 95, 72
1, 33924, Note_on_c, 0, 71, 83
1, 33933, Note_on_c, 0, 59, 60
1, 33933, Note_off_c, 0, 95, 71
1, 33943, Note_on_c, 0, 64, 65
1, 33951, Note_on_c, 0, 67, 58
1, 33981, Note_off_c, 0, 67, 64
1, 33986, Note_off_c, 0, 64, 62
1, 33992, Note_off_c, 0, 71, 67
1, 34032, Note_off_c, 0, 59, 60
1, 34121, Note_on_c, 0, 62, 67
1, 34179, Note_on_c, 0, 66, 68
1, 34277, Control_c, 0, 64, 91
1, 34282, Note_on_c, 0, 74, 88
1, 34291, Control_c, 0, 64, 66
1, 34306, Control_c, 0, 64, 0
1, 34308, Note_on_c, 0, 35, 62
1, 34311, Note_on_c, 0, 47, 70
1, 34366, Control_c, 0, 64, 59
1, 34369, Note_off_c, 0, 66, 56
1, 34381, Control_c, 0, 64, 73
1, 34395, Note_off_c, 0, 35, 64
1, 34396, Control_c, 0, 64, 95
1, 34411, Control_c, 0, 64, 127
1, 34428, Note_off_c, 0, 47, 63
1, 34715, Note_on_c, 0, 66, 63
1, 34749, Note_on_c, 0, 59, 79
1, 34790, Note_off_c, 0, 74, 56
1, 34843, Note_off_c, 0, 62, 56
1, 34876, Note_off_c, 0, 66, 62
1, 34912, Note_on_c, 0, 58, 88
1, 34936, Note_off_c, 0, 59, 62
1, 34947, Note_on_c, 0, 67, 75
1, 35028, Note_on_c, 0, 66, 74
1, 35055, Control_c, 0, 64, 102
1, 35069, Note_on_c, 0, 62, 52
1, 35069, Control_c, 0, 64, 72
1, 35073, Note_on_c, 0, 57, 86
1, 35084, Control_c, 0, 64, 0
1, 35088, Note_off_c, 0, 67, 53
1, 35105, Note_off_c, 0, 58, 61
1, 35111, Note_off_c, 0, 62, 57
1, 35233, Control_c, 0, 64, 58
1, 35248, Control_c, 0, 64, 71
1, 35263, Control_c, 0, 64, 88
1, 35276, Note_on_c, 0, 65, 82
1, 35278, Control_c, 0, 64, 127
1, 35338, Note_off_c, 0, 66, 54
1, 35373, Note_on_c, 0, 56, 82
1, 35380, Note_off_c, 0, 65, 63
1, 35407, Note_off_c, 0, 57, 61
1, 35434, Note_off_c, 0, 56, 66
1, 35460, Note_on_c, 0, 66, 82
1, 35554, Note_on_c, 0, 55, 72
1, 35620, Note_on_c, 0, 62, 68
1, 35621, Note_off_c, 0, 66, 57
1, 35685, Control_c, 0, 64, 84
1, 35694, Note_off_c, 0, 55, 58
1, 35700, Control_c, 0, 64, 51
1, 35714, Note_on_c, 0, 67, 86
1, 35715, Control_c, 0, 64, 0
1, 35723, Note_on_c, 0, 35, 65
1, 35726, Note_on_c, 0, 47, 70
1, 35789, Control_c, 0, 64, 58
1, 35800, Note_off_c, 0, 62, 55
1, 35803, Control_c, 0, 64, 74
1, 35818, Control_c, 0, 64, 104
1, 35833, Control_c, 0, 64, 127
1, 35874, Note_off_c, 0, 35, 61
1, 35877, Note_off_c, 0, 67, 59
1, 35948, Note_off_c, 0, 47, 65
1, 35982, Note_on_c, 0, 71, 90
1, 36176, Note_on_c, 0, 74, 96
1, 36199, Note_off_c, 0, 71, 61
1, 36265, Note_off_c, 0, 74, 62
1, 36274, Note_on_c, 0, 47, 77
1, 36345, Control_c, 0, 64, 116
1, 36360, Control_c, 0, 64, 80
1, 36375, Control_c, 0, 64, 0
1, 36384, Note_on_c, 0, 73, 90
1, 36395, Note_on_c, 0, 68, 53
1, 36396, Note_off_c, 0, 68, 127
1, 36397, Note_on_c, 0, 62, 71
1, 36403, Note_on_c, 0, 53, 72
1, 36404, Note_on_c, 0, 59, 69
1, 36406, Note_on_c, 0, 67, 70
1, 36436, Note_off_c, 0, 62, 59
1, 36442, Note_off_c, 0, 47, 65
1, 36449, Control_c, 0, 64, 64
1, 36460, Note_off_c, 0, 53, 66
1, 36464, Control_c, 0, 64, 82
1, 36479, Control_c, 0, 64, 127
1, 36479, Note_off_c, 0, 67, 59
1, 36492, Note_off_c, 0, 59, 62
1, 36533, Note_off_c, 0, 73, 65
1, 36640, Note_on_c, 0, 83, 79
1, 36726, Note_off_c, 0, 83, 62
1, 36730, Note_on_c, 0, 95, 88
1, 36739, Note_on_c, 0, 71, 81
1, 36743, Note_on_c, 0, 61, 73
1, 36745, Note_on_c, 0, 67, 78
1, 36772, Note_off_c, 0, 95, 66
1, 36781, Note_off_c, 0, 71, 62
1, 36797, Note_off_c, 0, 67, 63
1, 36843, Note_off_c, 0, 61, 62
1, 37092, Note_on_c, 0, 74, 88
1, 37095, Control_c, 0, 64, 97
1, 37109, Note_on_c, 0, 62, 63
1, 37109, Note_on_c, 0, 66, 62
1, 37110, Control_c, 0, 64, 70
1, 37117, Note_on_c, 0, 47, 60
1, 37125, Control_c, 0, 64, 0
1, 37199, Control_c, 0, 64, 24
1, 37213, Control_c, 0, 64, 65
1, 37228, Control_c, 0, 64, 80
1, 37243, Control_c, 0, 64, 127
1, 37406, Note_on_c, 0, 53, 81
1, 37415, Note_off_c, 0, 47, 62
1, 37483, Note_off_c, 0, 66, 59
1, 37522, Note_on_c, 0, 71, 82
1, 37615, Note_off_c, 0, 62, 49
1, 37629, Note_off_c, 0, 53, 62
1, 37636, Note_off_c, 0, 74, 57
1, 37638, Note_on_c, 0, 54, 82
1, 37728, Note_off_c, 0, 71, 61
1, 37748, Note_off_c, 0, 54, 61
1, 37763, Note_on_c, 0, 47, 72
1, 37913, Note_on_c, 0, 70, 79
1, 37948, Control_c, 0, 64, 122
1, 37962, Control_c, 0, 64, 85
1, 37977, Control_c, 0, 64, 65
1, 37992, Control_c, 0, 64, 0
1, 38011, Note_on_c, 0, 62, 82
1, 38140, Control_c, 0, 64, 66
1, 38155, Control_c, 0, 64, 79
1, 38170, Control_c, 0, 64, 104
1, 38185, Control_c, 0, 64, 127
1, 38217, Note_off_c, 0, 62, 59
1, 38271, Note_off_c, 0, 47, 61
1, 38381, Note_on_c, 0, 69, 80
1, 38454, Note_off_c, 0, 70, 62
1, 38495, Note_on_c, 0, 40, 68
1, 38548, Control_c, 0, 64, 120
1, 38563, Control_c, 0, 64, 82
1, 38577, Control_c, 0, 64, 53
1, 38578, Note_on_c, 0, 78, 88
1, 38592, Control_c, 0, 64, 0
1, 38651, Control_c, 0, 64, 55
1, 38666, Control_c, 0, 64, 72
1, 38681, Control_c, 0, 64, 94
1, 38696, Control_c, 0, 64, 127
1, 38701, Note_off_c, 0, 40, 59
1, 38733, Note_on_c, 0, 68, 80
1, 38804, Note_off_c, 0, 69, 51
1, 38907, Note_off_c, 0, 78, 56
1, 38933, Note_off_c, 0, 68, 60
1, 38935, Note_on_c, 0, 45, 66
1, 39007, Control_c, 0, 64, 108
1, 39021, Control_c, 0, 64, 79
1, 39029, Note_on_c, 0, 78, 79
1, 39036, Control_c, 0, 64, 36
1, 39049, Note_on_c, 0, 69, 71
1, 39051, Control_c, 0, 64, 0
1, 39118, Control_c, 0, 64, 21
1, 39132, Control_c, 0, 64, 68
1, 39147, Control_c, 0, 64, 88
1, 39163, Control_c, 0, 64, 127
1, 39197, Note_off_c, 0, 45, 52
1, 39242, Note_off_c, 0, 78, 59
1, 39356, Note_on_c, 0, 76, 84
1, 39386, Note_on_c, 0, 68, 57
1, 39414, Note_off_c, 0, 69, 62
1, 39430, Control_c, 0, 64, 86
1, 39444, Control_c, 0, 64, 59
1, 39452, Note_on_c, 0, 46, 54
1, 39459, Control_c, 0, 64, 0
1, 39476, Note_on_c, 0, 52, 46
1, 39504, Control_c, 0, 64, 37
1, 39513, Note_off_c, 0, 68, 57
1, 39518, Control_c, 0, 64, 69
1, 39533, Control_c, 0, 64, 92
1, 39547, Note_on_c, 0, 73, 85
1, 39548, Control_c, 0, 64, 127
1, 39565, Note_off_c, 0, 46, 56
1, 39569, Note_on_c, 0, 67, 69
1, 39615, Note_off_c, 0, 76, 59
1, 39622, Note_off_c, 0, 67, 60
1, 39654, Note_off_c, 0, 73, 61
1, 39659, Note_off_c, 0, 52, 50
1, 39704, Note_on_c, 0, 47, 54
1, 39715, Note_on_c, 0, 57, 48
1, 39726, Control_c, 0, 64, 102
1, 39741, Control_c, 0, 64, 76
1, 39755, Control_c, 0, 64, 0
1, 39766, Note_on_c, 0, 74, 82
1, 39794, Note_on_c, 0, 66, 56
1, 39866, Control_c, 0, 64, 49
1, 39881, Control_c, 0, 64, 68
1, 39896, Control_c, 0, 64, 83
1, 39911, Control_c, 0, 64, 127
1, 39916, Note_off_c, 0, 57, 59
1, 39982, Note_off_c, 0, 66, 52
1, 40113, Note_on_c, 0, 71, 72
1, 40119, Control_c, 0, 64, 93
1, 40134, Control_c, 0, 64, 69
1, 40143, Note_on_c, 0, 50, 41
1, 40146, Note_on_c, 0, 65, 50
1, 40149, Control_c, 0, 64, 0
1, 40151, Note_on_c, 0, 56, 45
1, 40182, Note_off_c, 0, 74, 59
1, 40184, Note_off_c, 0, 47, 61
1, 40253, Control_c, 0, 64, 63
1, 40267, Control_c, 0, 64, 74
1, 40282, Control_c, 0, 64, 91
1, 40297, Control_c, 0, 64, 127
1, 40339, Note_off_c, 0, 65, 55
1, 40451, Note_on_c, 0, 49, 47
1, 40486, Note_off_c, 0, 50, 52
1, 40551, Note_off_c, 0, 56, 32
1, 40575, Note_on_c, 0, 76, 68
1, 40587, Control_c, 0, 64, 97
1, 40591, Note_on_c, 0, 64, 51
1, 40601, Control_c, 0, 64, 80
1, 40611, Note_off_c, 0, 71, 60
1, 40616, Control_c, 0, 64, 62
1, 40631, Control_c, 0, 64, 0
1, 40810, Control_c, 0, 64, 60
1, 40825, Control_c, 0, 64, 71
1, 40840, Control_c, 0, 64, 84
1, 40854, Control_c, 0, 64, 109
1, 40869, Control_c, 0, 64, 127
1, 41017, Control_c, 0, 67, 8
1, 41031, Control_c, 0, 67, 9
1, 41046, Control_c, 0, 67, 10
1, 41061, Control_c, 0, 67, 11
1, 41076, Control_c, 0, 67, 12
1, 41080, Note_on_c, 0, 57, 36
1, 41089, Note_on_c, 0, 73, 59
1, 41091, Control_c, 0, 67, 13
1, 41106, Control_c, 0, 67, 15
1, 41121, Control_c, 0, 67, 17
1, 41136, Control_c, 0, 67, 20
1, 41151, Control_c, 0, 67, 23
1, 41156, Note_off_c, 0, 49, 56
1, 41165, Control_c, 0, 67, 26
1, 41180, Control_c, 0, 67, 30
1, 41195, Control_c, 0, 67, 34
1, 41210, Control_c, 0, 67, 37
1, 41224, Control_c, 0, 67, 40
1, 41239, Control_c, 0, 67, 43
1, 41254, Control_c, 0, 67, 46
1, 41269, Control_c, 0, 67, 49
1, 41284, Control_c, 0, 67, 52
1, 41298, Control_c, 0, 67, 55
1, 41320, Control_c, 0, 67, 58
1, 41335, Control_c, 0, 67, 62
1, 41350, Control_c, 0, 67, 65
1, 41363, Note_off_c, 0, 76, 33
1, 41363, Note_off_c, 0, 64, 35
1, 41365, Control_c, 0, 67, 68
1, 41380, Control_c, 0, 67, 72
1, 41395, Control_c, 0, 67, 75
1, 41410, Control_c, 0, 67, 78
1, 41424, Control_c, 0, 67, 81
1, 41439, Control_c, 0, 67, 84
1, 41444, Note_off_c, 0, 73, 54
1, 41454, Control_c, 0, 67, 86
1, 41469, Control_c, 0, 67, 89
1, 41484, Control_c, 0, 67, 93
1, 41493, Note_on_c, 0, 54, 44
1, 41494, Note_off_c, 0, 57, 32
1, 41498, Control_c, 0, 67, 98
1, 41513, Control_c, 0, 67, 102
1, 41528, Control_c, 0, 67, 105
1, 41543, Control_c, 0, 64, 101
1, 41543, Control_c, 0, 67, 109
1, 41559, Control_c, 0, 64, 80
1, 41559, Control_c, 0, 67, 112
1, 41574, Control_c, 0, 64, 56
1, 41574, Control_c, 0, 67, 115
1, 41576, Note_on_c, 0, 69, 61
1, 41589, Control_c, 0, 64, 0
1, 41589, Control_c, 0, 67, 118
1, 41603, Control_c, 0, 67, 120
1, 41616, Note_on_c, 0, 64, 39
1, 41618, Control_c, 0, 67, 122
1, 41633, Control_c, 0, 67, 123
1, 41647, Control_c, 0, 67, 124
1, 41662, Control_c, 0, 64, 60
1, 41662, Control_c, 0, 67, 125
1, 41677, Control_c, 0, 64, 71
1, 41692, Control_c, 0, 64, 86
1, 41703, Note_off_c, 0, 54, 63
1, 41707, Control_c, 0, 64, 127
1, 41783, Note_off_c, 0, 64, 59
1, 41869, Control_c, 0, 67, 125
1, 41879, Note_on_c, 0, 71, 70
1, 41884, Control_c, 0, 67, 126
1, 41899, Control_c, 0, 67, 126
1, 41914, Control_c, 0, 67, 127
1, 42012, Note_on_c, 0, 81, 66
1, 42021, Note_on_c, 0, 63, 59
1, 42058, Note_off_c, 0, 81, 63
1, 42122, Note_on_c, 0, 73, 70
1, 42165, Note_off_c, 0, 71, 54
1, 42179, Note_off_c, 0, 63, 57
1, 42194, Note_off_c, 0, 69, 42
1, 42274, Note_on_c, 0, 62, 48
1, 42287, Note_off_c, 0, 73, 51
1, 42338, Note_on_c, 0, 69, 48
1, 42499, Control_c, 0, 64, 112
1, 42500, Note_on_c, 0, 76, 68
1, 42514, Control_c, 0, 64, 82
1, 42529, Control_c, 0, 64, 64
1, 42540, Note_on_c, 0, 47, 33
1, 42543, Control_c, 0, 64, 0
1, 42551, Note_on_c, 0, 53, 44
1, 42617, Control_c, 0, 64, 51
1, 42632, Control_c, 0, 64, 68
1, 42643, Note_off_c, 0, 47, 59
1, 42647, Control_c, 0, 64, 81
1, 42653, Note_off_c, 0, 53, 66
1, 42662, Control_c, 0, 64, 104
1, 42677, Control_c, 0, 64, 127
1, 42698, Note_off_c, 0, 76, 57
1, 42824, Note_on_c, 0, 74, 66
1, 42947, Note_on_c, 0, 81, 59
1, 42980, Note_off_c, 0, 74, 60
1, 43055, Note_on_c, 0, 73, 70
1, 43062, Note_off_c, 0, 81, 47
1, 43100, Note_off_c, 0, 69, 37
1, 43123, Note_off_c, 0, 62, 38
1, 43140, Note_off_c, 0, 73, 61
1, 43262, Note_on_c, 0, 76, 53
1, 43278, Control_c, 0, 64, 117
1, 43292, Control_c, 0, 64, 88
1, 43307, Control_c, 0, 64, 69
1, 43322, Control_c, 0, 64, 0
1, 43347, Note_on_c, 0, 73, 63
1, 43377, Note_on_c, 0, 68, 43
1, 43387, Note_off_c, 0, 76, 60
1, 43390, Note_on_c, 0, 62, 33
1, 43411, Control_c, 0, 64, 63
1, 43425, Control_c, 0, 64, 75
1, 43440, Control_c, 0, 64, 91
1, 43455, Control_c, 0, 64, 127
1, 43671, Note_on_c, 0, 52, 27
1, 43783, Note_off_c, 0, 52, 0
1, 43821, Poly_aftertouch_c, 0, 52, 0
1, 43846, Note_on_c, 0, 71, 55
1, 43896, Note_off_c, 0, 62, 41
1, 43911, Note_off_c, 0, 68, 37
1, 43983, Note_off_c, 0, 73, 39
1, 44011, Note_on_c, 0, 40, 34
1, 44030, Note_off_c, 0, 71, 58
1, 44082, Note_off_c, 0, 40, 55
1, 44464, Control_c, 0, 64, 106
1, 44474, Note_on_c, 0, 69, 46
1, 44479, Control_c, 0, 64, 88
1, 44491, Note_on_c, 0, 61, 40
1, 44494, Control_c, 0, 64, 73
1, 44509, Note_on_c, 0, 45, 35
1, 44509, Control_c, 0, 64, 26
1, 44523, Control_c, 0, 64, 0
1, 45043, Control_c, 0, 64, 26
1, 45049, Note_on_c, 0, 56, 47
1, 45063, Control_c, 0, 64, 56
1, 45078, Control_c, 0, 64, 64
1, 45079, Note_off_c, 0, 69, 58
1, 45093, Control_c, 0, 64, 70
1, 45108, Control_c, 0, 64, 76
1, 45123, Control_c, 0, 64, 84
1, 45137, Control_c, 0, 64, 94
1, 45152, Control_c, 0, 64, 110
1, 45167, Control_c, 0, 64, 127
1, 45223, Note_off_c, 0, 56, 60
1, 45266, Note_off_c, 0, 61, 42
1, 45332, Note_on_c, 0, 57, 55
1, 45422, Note_off_c, 0, 57, 57
1, 45560, Note_on_c, 0, 61, 45
1, 45568, Control_c, 0, 64, 122
1, 45583, Control_c, 0, 64, 92
1, 45598, Control_c, 0, 64, 74
1, 45612, Control_c, 0, 64, 54
1, 45616, Note_off_c, 0, 61, 53
1, 45627, Control_c, 0, 64, 0
1, 45631, Note_on_c, 0, 59, 40
1, 45637, Note_on_c, 0, 55, 38
1, 45701, Control_c, 0, 64, 55
1, 45716, Control_c, 0, 64, 68
1, 45731, Control_c, 0, 64, 80
1, 45741, Note_off_c, 0, 59, 61
1, 45746, Control_c, 0, 64, 101
1, 45760, Control_c, 0, 64, 127
1, 45766, Note_off_c, 0, 45, 45
1, 45794, Note_off_c, 0, 55, 54
1, 46376, Control_c, 0, 64, 119
1, 46389, Note_on_c, 0, 81, 46
1, 46391, Control_c, 0, 64, 91
1, 46406, Control_c, 0, 64, 74
1, 46421, Control_c, 0, 64, 48
1, 46427, Note_on_c, 0, 69, 37
1, 46435, Control_c, 0, 64, 0
1, 46448, Note_on_c, 0, 57, 18
1, 46451, Note_on_c, 0, 61, 28
1, 46457, Note_on_c, 0, 67, 24
1, 46480, Control_c, 0, 64, 43
1, 46495, Control_c, 0, 64, 63
1, 46509, Control_c, 0, 64, 73
1, 46524, Control_c, 0, 64, 87
1, 46539, Control_c, 0, 64, 114
1, 46555, Control_c, 0, 64, 127
1, 46587, Note_off_c, 0, 67, 49
1, 46587, Note_off_c, 0, 81, 39
1, 46609, Note_off_c, 0, 69, 36
1, 46635, Note_off_c, 0, 61, 48
1, 46708, Note_off_c, 0, 57, 40
1, 47370, Control_c, 0, 64, 91
1, 47385, Control_c, 0, 64, 73
1, 47394, Note_on_c, 0, 78, 46
1, 47399, Control_c, 0, 64, 51
1, 47414, Control_c, 0, 64, 0
1, 47422, Note_on_c, 0, 74, 34
1, 47429, Note_on_c, 0, 66, 28
1, 47434, Note_on_c, 0, 38, 28
1, 47443, Note_on_c, 0, 45, 31
1, 47444, Control_c, 0, 64, 55
1, 47459, Control_c, 0, 64, 67
1, 47473, Control_c, 0, 64, 78
1, 47488, Control_c, 0, 64, 96
1, 47503, Note_off_c, 0, 45, 61
1, 47503, Control_c, 0, 64, 127
1, 47506, Note_off_c, 0, 38, 53
1, 47568, Note_off_c, 0, 78, 54
1, 47595, Note_off_c, 0, 66, 41
1, 47613, Note_off_c, 0, 74, 44
1, 47751, Note_on_c, 0, 78, 68
1, 47782, Note_on_c, 0, 74, 40
1, 47789, Note_on_c, 0, 66, 35
1, 47829, Note_off_c, 0, 74, 61
1, 47840, Note_off_c, 0, 78, 56
1, 47846, Note_off_c, 0, 66, 46
1, 47946, Note_on_c, 0, 78, 69
1, 47960, Note_on_c, 0, 74, 55
1, 47963, Note_on_c, 0, 66, 44
1, 47986, Note_off_c, 0, 78, 55
1, 47991, Note_off_c, 0, 66, 58
1, 47992, Note_off_c, 0, 74, 66
1, 48084, Note_on_c, 0, 66, 60
1, 48086, Note_on_c, 0, 74, 54
1, 48088, Note_on_c, 0, 45, 38
1, 48090, Note_on_c, 0, 78, 65
1, 48119, Control_c, 0, 64, 123
1, 48120, Note_off_c, 0, 45, 55
1, 48122, Note_off_c, 0, 66, 63
1, 48128, Note_on_c, 0, 50, 52
1, 48134, Control_c, 0, 64, 88
1, 48149, Control_c, 0, 64, 73
1, 48159, Note_off_c, 0, 50, 65
1, 48163, Control_c, 0, 64, 68
1, 48170, Note_on_c, 0, 81, 65
1, 48178, Control_c, 0, 64, 73
1, 48179, Note_off_c, 0, 78, 60
1, 48193, Control_c, 0, 64, 78
1, 48195, Note_on_c, 0, 57, 40
1, 48208, Control_c, 0, 64, 79
1, 48222, Control_c, 0, 64, 78
1, 48225, Note_off_c, 0, 57, 58
1, 48237, Control_c, 0, 64, 77
1, 48240, Note_off_c, 0, 74, 0
1, 48252, Control_c, 0, 64, 76
1, 48262, Note_on_c, 0, 79, 71
1, 48267, Control_c, 0, 64, 78
1, 48278, Poly_aftertouch_c, 0, 74, 127
1, 48282, Control_c, 0, 64, 84
1, 48284, Note_off_c, 0, 81, 59
1, 48286, Note_on_c, 0, 62, 35
1, 48290, Note_on_c, 0, 74, 3
1, 48296, Control_c, 0, 64, 101
1, 48298, Note_on_c, 0, 67, 41
1, 48305, Note_on_c, 0, 69, 27
1, 48311, Control_c, 0, 64, 127
1, 48318, Note_off_c, 0, 62, 52
1, 48352, Note_off_c, 0, 67, 56
1, 48352, Note_off_c, 0, 69, 49
1, 48667, Control_c, 0, 64, 100
1, 48681, Control_c, 0, 64, 77
1, 48695, Note_on_c, 0, 57, 44
1, 48696, Note_on_c, 0, 78, 73
1, 48696, Control_c, 0, 64, 0
1, 48725, Note_on_c, 0, 66, 47
1, 48752, Note_off_c, 0, 57, 55
1, 48757, Control_c, 0, 64, 23
1, 48761, Note_off_c, 0, 66, 62
1, 48764, Note_off_c, 0, 79, 57
1, 48772, Control_c, 0, 64, 65
1, 48786, Control_c, 0, 64, 80
1, 48808, Control_c, 0, 64, 102
1, 48809, Note_on_c, 0, 50, 34
1, 48823, Control_c, 0, 64, 127
1, 48846, Note_on_c, 0, 45, 40
1, 48849, Note_off_c, 0, 50, 64
1, 48852, Note_off_c, 0, 78, 55
1, 48860, Note_off_c, 0, 74, 45
1, 48878, Note_off_c, 0, 45, 54
1, 48955, Note_on_c, 0, 69, 52
1, 49013, Note_on_c, 0, 74, 49
1, 49084, Note_on_c, 0, 78, 51
1, 49178, Control_c, 0, 64, 99
1, 49190, Note_on_c, 0, 81, 59
1, 49193, Control_c, 0, 64, 78
1, 49208, Control_c, 0, 64, 58
1, 49216, Note_on_c, 0, 54, 33
1, 49218, Note_on_c, 0, 45, 45
1, 49223, Control_c, 0, 64, 0
1, 49235, Note_off_c, 0, 69, 36
1, 49238, Note_on_c, 0, 38, 36
1, 49297, Control_c, 0, 64, 56
1, 49311, Control_c, 0, 64, 70
1, 49326, Control_c, 0, 64, 84
1, 49341, Control_c, 0, 64, 111
1, 49355, Control_c, 0, 64, 127
1, 49356, Note_off_c, 0, 45, 64
1, 49365, Note_off_c, 0, 38, 38
1, 49390, Note_off_c, 0, 81, 59
1, 49403, Note_off_c, 0, 74, 38
1, 49420, Note_off_c, 0, 54, 46
1, 49434, Note_off_c, 0, 78, 57
1, 49827, Note_on_c, 0, 69, 49
1, 49869, Note_off_c, 0, 69, 62
1, 49907, Note_on_c, 0, 74, 49
1, 49915, Note_on_c, 0, 81, 48
1, 49956, Note_on_c, 0, 86, 59
1, 49957, Note_off_c, 0, 81, 58
1, 50010, Note_on_c, 0, 93, 65
1, 50024, Note_off_c, 0, 86, 64
1, 50031, Note_on_c, 0, 78, 54
1, 50037, Note_off_c, 0, 93, 66
1, 50053, Note_off_c, 0, 78, 65
1, 50072, Note_off_c, 0, 74, 37
1, 50351, Control_c, 0, 64, 107
1, 50365, Control_c, 0, 64, 88
1, 50366, Note_on_c, 0, 86, 73
1, 50375, Note_on_c, 0, 57, 48
1, 50380, Control_c, 0, 64, 80
1, 50384, Note_on_c, 0, 74, 60
1, 50388, Note_on_c, 0, 78, 51
1, 50395, Control_c, 0, 64, 79
1, 50409, Control_c, 0, 64, 83
1, 50410, Note_off_c, 0, 78, 61
1, 50415, Note_off_c, 0, 74, 66
1, 50424, Control_c, 0, 64, 93
1, 50435, Note_off_c, 0, 86, 64
1, 50439, Control_c, 0, 64, 122
1, 50447, Note_off_c, 0, 57, 60
1, 50454, Control_c, 0, 64, 127
1, 50474, Note_on_c, 0, 50, 52
1, 50504, Note_on_c, 0, 88, 88
1, 50519, Note_on_c, 0, 76, 62
1, 50523, Note_on_c, 0, 81, 50
1, 50539, Note_off_c, 0, 76, 63
1, 50542, Note_off_c, 0, 50, 63
1, 50544, Note_off_c, 0, 81, 62
1, 50549, Note_off_c, 0, 88, 63
1, 50591, Note_on_c, 0, 45, 45
1, 50706, Control_c, 0, 64, 91
1, 50721, Control_c, 0, 64, 69
1, 50736, Control_c, 0, 64, 0
1, 50749, Note_on_c, 0, 90, 73
1, 50766, Note_on_c, 0, 78, 56
1, 50767, Note_on_c, 0, 86, 60
1, 50782, Note_on_c, 0, 38, 42
1, 50824, Control_c, 0, 64, 50
1, 50839, Control_c, 0, 64, 68
1, 50854, Control_c, 0, 64, 82
1, 50857, Note_off_c, 0, 45, 63
1, 50864, Note_off_c, 0, 38, 58
1, 50869, Control_c, 0, 64, 115
1, 50883, Control_c, 0, 64, 127
1, 50940, Note_off_c, 0, 90, 64
1, 50960, Note_off_c, 0, 86, 63
1, 50991, Note_off_c, 0, 78, 61
1, 51330, Note_on_c, 0, 85, 71
1, 51336, Control_c, 0, 64, 97
1, 51345, Note_on_c, 0, 81, 62
1, 51347, Note_on_c, 0, 73, 63
1, 51351, Control_c, 0, 64, 74
1, 51366, Note_on_c, 0, 45, 48
1, 51366, Control_c, 0, 64, 45
1, 51381, Control_c, 0, 64, 40
1, 51396, Control_c, 0, 64, 61
1, 51409, Note_off_c, 0, 73, 61
1, 51409, Note_off_c, 0, 45, 61
1, 51411, Control_c, 0, 64, 69
1, 51412, Note_on_c, 0, 50, 53
1, 51416, Note_off_c, 0, 81, 60
1, 51425, Control_c, 0, 64, 83
1, 51431, Note_off_c, 0, 85, 60
1, 51440, Control_c, 0, 64, 127
1, 51444, Note_off_c, 0, 50, 67
1, 51488, Note_on_c, 0, 57, 28
1, 51503, Note_on_c, 0, 88, 67
1, 51525, Note_off_c, 0, 57, 52
1, 51550, Note_on_c, 0, 86, 81
1, 51568, Note_on_c, 0, 74, 66
1, 51575, Note_off_c, 0, 88, 64
1, 51589, Note_off_c, 0, 86, 68
1, 51593, Note_off_c, 0, 74, 69
1, 51594, Note_on_c, 0, 69, 47
1, 51619, Note_off_c, 0, 69, 60
1, 51652, Poly_aftertouch_c, 0, 62, 127
1, 51681, Poly_aftertouch_c, 0, 62, 0
1, 51766, Control_c, 0, 64, 114
1, 51780, Control_c, 0, 64, 86
1, 51795, Control_c, 0, 64, 67
1, 51818, Control_c, 0, 64, 0
1, 51972, Note_on_c, 0, 83, 59
1, 51995, Note_on_c, 0, 72, 46
1, 51996, Note_on_c, 0, 78, 48
1, 51996, Control_c, 0, 64, 49
1, 51998, Note_on_c, 0, 71, 49
1, 52003, Note_on_c, 0, 57, 43
1, 52011, Control_c, 0, 64, 65
1, 52026, Control_c, 0, 64, 73
1, 52041, Control_c, 0, 64, 83
1, 52055, Control_c, 0, 64, 98
1, 52070, Control_c, 0, 64, 127
1, 52090, Note_off_c, 0, 83, 57
1, 52112, Note_off_c, 0, 72, 50
1, 52113, Note_off_c, 0, 71, 59
1, 52119, Note_on_c, 0, 51, 46
1, 52128, Note_off_c, 0, 57, 34
1, 52198, Note_on_c, 0, 45, 43
1, 52210, Note_off_c, 0, 51, 58
1, 52219, Note_off_c, 0, 78, 62
1, 52236, Note_off_c, 0, 45, 63
1, 52509, Note_on_c, 0, 79, 56
1, 52515, Control_c, 0, 64, 95
1, 52523, Note_on_c, 0, 73, 52
1, 52529, Control_c, 0, 64, 76
1, 52538, Note_on_c, 0, 38, 39
1, 52538, Note_on_c, 0, 67, 37
1, 52544, Control_c, 0, 64, 54
1, 52555, Note_on_c, 0, 52, 35
1, 52566, Control_c, 0, 64, 0
1, 52567, Note_on_c, 0, 45, 31
1, 52640, Control_c, 0, 64, 17
1, 52654, Control_c, 0, 64, 64
1, 52669, Control_c, 0, 64, 76
1, 52672, Note_off_c, 0, 45, 52
1, 52684, Control_c, 0, 64, 97
1, 52696, Note_off_c, 0, 38, 49
1, 52699, Control_c, 0, 64, 127
1, 52722, Note_off_c, 0, 67, 60
1, 52737, Note_off_c, 0, 52, 43
1, 52801, Note_off_c, 0, 79, 56
1, 52806, Note_off_c, 0, 73, 64
1, 53177, Note_on_c, 0, 69, 44
1, 53214, Note_off_c, 0, 69, 63
1, 53253, Note_on_c, 0, 81, 41
1, 53283, Note_on_c, 0, 76, 25
1, 53310, Note_on_c, 0, 85, 56
1, 53338, Note_off_c, 0, 81, 57
1, 53354, Note_off_c, 0, 76, 39
1, 53363, Note_on_c, 0, 93, 60
1, 53372, Note_on_c, 0, 79, 54
1, 53383, Note_off_c, 0, 85, 63
1, 53395, Note_off_c, 0, 93, 64
1, 53405, Note_off_c, 0, 79, 64
1, 53524, Control_c, 0, 67, 125
1, 53539, Control_c, 0, 67, 116
1, 53554, Control_c, 0, 67, 102
1, 53569, Control_c, 0, 67, 88
1, 53583, Control_c, 0, 67, 73
1, 53598, Control_c, 0, 67, 61
1, 53613, Control_c, 0, 67, 50
1, 53627, Control_c, 0, 67, 40
1, 53642, Control_c, 0, 67, 28
1, 53657, Control_c, 0, 67, 10
1, 53672, Control_c, 0, 67, 0
1, 53798, Note_on_c, 0, 79, 75
1, 53805, Note_on_c, 0, 67, 75
1, 53807, Note_on_c, 0, 76, 77
1, 53825, Note_on_c, 0, 62, 63
1, 53865, Note_off_c, 0, 67, 60
1, 53890, Note_off_c, 0, 79, 62
1, 53910, Note_off_c, 0, 76, 60
1, 53955, Note_off_c, 0, 62, 57
1, 53973, Note_on_c, 0, 52, 68
1, 54013, Note_on_c, 0, 82, 93
1, 54021, Note_on_c, 0, 70, 81
1, 54026, Note_on_c, 0, 78, 76
1, 54087, Note_on_c, 0, 47, 58
1, 54093, Note_off_c, 0, 52, 61
1, 54123, Note_off_c, 0, 47, 64
1, 54133, Note_off_c, 0, 70, 62
1, 54168, Note_off_c, 0, 82, 62
1, 54173, Note_off_c, 0, 78, 59
1, 54224, Note_on_c, 0, 83, 91
1, 54225, Note_on_c, 0, 79, 90
1, 54227, Control_c, 0, 64, 95
1, 54231, Note_on_c, 0, 71, 90
1, 54242, Control_c, 0, 64, 68
1, 54254, Note_on_c, 0, 36, 53
1, 54254, Note_on_c, 0, 38, 57
1, 54257, Control_c, 0, 64, 0
1, 54294, Note_off_c, 0, 36, 60
1, 54301, Control_c, 0, 64, 31
1, 54316, Control_c, 0, 64, 67
1, 54332, Control_c, 0, 64, 86
1, 54337, Note_on_c, 0, 47, 62
1, 54347, Control_c, 0, 64, 127
1, 54371, Note_off_c, 0, 38, 58
1, 54422, Note_off_c, 0, 47, 65
1, 54436, Note_on_c, 0, 52, 84
1, 54463, Note_off_c, 0, 52, 68
1, 54535, Note_off_c, 0, 71, 55
1, 54591, Note_off_c, 0, 83, 61
1, 54618, Note_off_c, 0, 79, 59
1, 54681, Note_on_c, 0, 61, 97
1, 54807, Note_on_c, 0, 85, 94
1, 54812, Note_on_c, 0, 73, 95
1, 54821, Note_on_c, 0, 82, 74
1, 54862, Note_off_c, 0, 73, 63
1, 54886, Note_off_c, 0, 82, 54
1, 54888, Note_off_c, 0, 85, 63
1, 54914, Note_off_c, 0, 61, 59
1, 54976, Control_c, 0, 64, 100
1, 54981, Note_on_c, 0, 90, 94
1, 54986, Note_on_c, 0, 78, 97
1, 54991, Control_c, 0, 64, 73
1, 55000, Note_on_c, 0, 59, 82
1, 55006, Control_c, 0, 64, 59
1, 55021, Control_c, 0, 64, 63
1, 55031, Note_off_c, 0, 90, 67
1, 55035, Note_off_c, 0, 78, 64
1, 55036, Control_c, 0, 64, 71
1, 55050, Control_c, 0, 64, 88
1, 55065, Control_c, 0, 64, 127
1, 55071, Note_on_c, 0, 55, 79
1, 55103, Note_off_c, 0, 59, 59
1, 55156, Note_on_c, 0, 50, 77
1, 55161, Note_off_c, 0, 55, 64
1, 55190, Note_on_c, 0, 52, 34
1, 55203, Note_off_c, 0, 50, 66
1, 55222, Note_off_c, 0, 52, 58
1, 55230, Poly_aftertouch_c, 0, 53, 127
1, 55262, Poly_aftertouch_c, 0, 53, 0
1, 55280, Note_on_c, 0, 86, 99
1, 55285, Note_on_c, 0, 74, 98
1, 55369, Poly_aftertouch_c, 0, 82, 127
1, 55390, Poly_aftertouch_c, 0, 82, 0
1, 55446, Note_off_c, 0, 86, 53
1, 55524, Note_off_c, 0, 74, 24
1, 55621, Control_c, 0, 64, 105
1, 55636, Control_c, 0, 64, 66
1, 55641, Note_on_c, 0, 86, 92
1, 55643, Note_on_c, 0, 74, 89
1, 55644, Note_on_c, 0, 78, 90
1, 55645, Note_on_c, 0, 82, 89
1, 55651, Control_c, 0, 64, 0
1, 55656, Note_on_c, 0, 30, 87
1, 55660, Note_on_c, 0, 42, 92
1, 55710, Control_c, 0, 64, 39
1, 55724, Control_c, 0, 64, 70
1, 55739, Control_c, 0, 64, 106
1, 55745, Note_off_c, 0, 30, 62
1, 55754, Control_c, 0, 64, 127
1, 55764, Note_off_c, 0, 42, 62
1, 55783, Note_off_c, 0, 74, 62
1, 55787, Note_off_c, 0, 86, 59
1, 56094, Note_on_c, 0, 85, 86
1, 56101, Note_on_c, 0, 73, 90
1, 56121, Note_on_c, 0, 58, 80
1, 56227, Note_on_c, 0, 52, 82
1, 56317, Note_on_c, 0, 54, 75
1, 56345, Note_off_c, 0, 52, 60
1, 56409, Note_off_c, 0, 85, 62
1, 56419, Note_off_c, 0, 82, 62
1, 56423, Note_on_c, 0, 66, 92
1, 56424, Note_off_c, 0, 73, 59
1, 56435, Note_off_c, 0, 58, 64
1, 56438, Note_off_c, 0, 78, 60
1, 56443, Note_off_c, 0, 54, 65
1, 56598, Note_off_c, 0, 66, 50
1, 56779, Note_on_c, 0, 82, 92
1, 56786, Note_on_c, 0, 70, 93
1, 56786, Control_c, 0, 64, 98
1, 56789, Note_on_c, 0, 76, 81
1, 56799, Note_on_c, 0, 67, 92
1, 56801, Control_c, 0, 64, 75
1, 56816, Control_c, 0, 64, 64
1, 56831, Control_c, 0, 64, 65
1, 56845, Control_c, 0, 64, 70
1, 56860, Control_c, 0, 64, 81
1, 56875, Control_c, 0, 64, 127
1, 56928, Note_off_c, 0, 70, 61
1, 56950, Note_off_c, 0, 82, 60
1, 56955, Note_on_c, 0, 66, 73
1, 56979, Note_off_c, 0, 67, 58
1, 56986, Note_off_c, 0, 76, 59
1, 57028, Note_on_c, 0, 83, 96
1, 57030, Note_on_c, 0, 74, 94
1, 57033, Note_on_c, 0, 71, 89
1, 57086, Note_on_c, 0, 65, 84
1, 57097, Note_off_c, 0, 74, 64
1, 57101, Note_off_c, 0, 71, 62
1, 57118, Note_off_c, 0, 66, 55
1, 57132, Note_off_c, 0, 83, 66
1, 57136, Note_off_c, 0, 65, 66
1, 57224, Note_on_c, 0, 85, 96
1, 57227, Note_on_c, 0, 78, 90
1, 57230, Note_on_c, 0, 64, 74
1, 57230, Note_on_c, 0, 73, 98
1, 57238, Control_c, 0, 64, 85
1, 57238, Note_on_c, 0, 62, 72
1, 57252, Control_c, 0, 64, 0
1, 57311, Control_c, 0, 64, 62
1, 57319, Note_on_c, 0, 84, 63
1, 57326, Control_c, 0, 64, 81
1, 57328, Note_off_c, 0, 64, 62
1, 57329, Note_on_c, 0, 59, 84
1, 57329, Note_off_c, 0, 62, 38
1, 57341, Control_c, 0, 64, 127
1, 57343, Note_off_c, 0, 78, 62
1, 57399, Note_off_c, 0, 59, 63
1, 57404, Note_on_c, 0, 55, 79
1, 57426, Note_off_c, 0, 55, 71
1, 57434, Note_off_c, 0, 85, 44
1, 57456, Note_off_c, 0, 84, 38
1, 57501, Note_off_c, 0, 73, 58
1, 57516, Note_on_c, 0, 42, 95
1, 57626, Note_on_c, 0, 86, 96
1, 57630, Note_on_c, 0, 74, 95
1, 57659, Note_off_c, 0, 74, 70
1, 57666, Note_off_c, 0, 86, 70
1, 57789, Note_on_c, 0, 30, 89
1, 57789, Note_off_c, 0, 42, 58
1, 57926, Control_c, 0, 64, 102
1, 57941, Control_c, 0, 64, 72
1, 57943, Note_on_c, 0, 90, 99
1, 57948, Note_on_c, 0, 78, 91
1, 57948, Note_on_c, 0, 86, 86
1, 57956, Control_c, 0, 64, 0
1, 58074, Control_c, 0, 64, 59
1, 58089, Control_c, 0, 64, 72
1, 58104, Control_c, 0, 64, 97
1, 58118, Control_c, 0, 64, 127
1, 58226, Note_off_c, 0, 86, 47
1, 58297, Note_on_c, 0, 42, 81
1, 58314, Note_off_c, 0, 90, 64
1, 58341, Note_off_c, 0, 78, 60
1, 58359, Note_off_c, 0, 30, 60
1, 58371, Note_off_c, 0, 42, 57
1, 58458, Note_on_c, 0, 88, 84
1, 58464, Note_on_c, 0, 76, 83
1, 58464, Note_on_c, 0, 85, 81
1, 58467, Note_on_c, 0, 32, 67
1, 58467, Note_on_c, 0, 44, 74
1, 58502, Note_off_c, 0, 88, 63
1, 58504, Note_off_c, 0, 32, 62
1, 58506, Note_off_c, 0, 85, 58
1, 58509, Note_off_c, 0, 76, 61
1, 58511, Note_off_c, 0, 44, 63
1, 58611, Note_on_c, 0, 34, 63
1, 58621, Note_on_c, 0, 46, 51
1, 58649, Note_off_c, 0, 34, 62
1, 58651, Note_off_c, 0, 46, 55
1, 58735, Control_c, 0, 64, 112
1, 58740, Note_on_c, 0, 47, 37
1, 58749, Control_c, 0, 64, 82
1, 58757, Note_on_c, 0, 35, 55
1, 58764, Control_c, 0, 64, 61
1, 58779, Control_c, 0, 64, 0
1, 58803, Note_on_c, 0, 85, 77
1, 58809, Note_on_c, 0, 77, 67
1, 58811, Note_on_c, 0, 73, 72
1, 58956, Control_c, 0, 64, 61
1, 58971, Control_c, 0, 64, 76
1, 58986, Control_c, 0, 64, 101
1, 59001, Control_c, 0, 64, 127
1, 59012, Note_off_c, 0, 77, 58
1, 59050, Note_off_c, 0, 73, 57
1, 59169, Note_off_c, 0, 85, 58
1, 59365, Control_c, 0, 64, 90
1, 59379, Control_c, 0, 64, 66
1, 59394, Note_on_c, 0, 86, 60
1, 59394, Control_c, 0, 64, 0
1, 59402, Note_on_c, 0, 78, 51
1, 59411, Note_on_c, 0, 74, 47
1, 59468, Control_c, 0, 64, 62
1, 59473, Note_off_c, 0, 35, 64
1, 59483, Control_c, 0, 64, 73
1, 59487, Note_off_c, 0, 47, 60
1, 59498, Control_c, 0, 64, 90
1, 59513, Control_c, 0, 64, 127
1, 59646, Control_c, 0, 67, 9
1, 59661, Control_c, 0, 67, 10
1, 59676, Control_c, 0, 67, 11
1, 59678, Note_off_c, 0, 86, 58
1, 59690, Control_c, 0, 67, 12
1, 59700, Note_off_c, 0, 74, 53
1, 59705, Control_c, 0, 67, 13
1, 59720, Control_c, 0, 67, 16
1, 59723, Note_on_c, 0, 54, 41
1, 59735, Control_c, 0, 67, 18
1, 59740, Note_off_c, 0, 78, 62
1, 59750, Control_c, 0, 67, 20
1, 59764, Control_c, 0, 67, 23
1, 59779, Control_c, 0, 67, 25
1, 59794, Control_c, 0, 67, 27
1, 59809, Control_c, 0, 67, 29
1, 59824, Control_c, 0, 67, 30
1, 59832, Note_off_c, 0, 54, 53
1, 59838, Note_on_c, 0, 66, 46
1, 59838, Control_c, 0, 67, 32
1, 59853, Note_on_c, 0, 59, 47
1, 59853, Control_c, 0, 67, 34
1, 59868, Control_c, 0, 67, 36
1, 59883, Control_c, 0, 67, 37
1, 59897, Control_c, 0, 67, 39
1, 59913, Control_c, 0, 67, 40
1, 59915, Note_off_c, 0, 66, 60
1, 59928, Control_c, 0, 67, 41
1, 59943, Control_c, 0, 67, 42
1, 60017, Control_c, 0, 67, 41
1, 60032, Control_c, 0, 67, 40
1, 60055, Control_c, 0, 67, 38
1, 60069, Control_c, 0, 67, 36
1, 60084, Control_c, 0, 67, 35
1, 60099, Control_c, 0, 67, 34
1, 60114, Control_c, 0, 67, 33
1, 60128, Control_c, 0, 67, 32
1, 60143, Control_c, 0, 67, 32
1, 60158, Control_c, 0, 67, 31
1, 60173, Control_c, 0, 67, 29
1, 60174, Note_on_c, 0, 54, 43
1, 60182, Note_off_c, 0, 59, 37
1, 60188, Control_c, 0, 67, 28
1, 60202, Control_c, 0, 67, 26
1, 60217, Control_c, 0, 67, 25
1, 60232, Control_c, 0, 67, 24
1, 60241, Note_on_c, 0, 74, 76
1, 60247, Control_c, 0, 67, 23
1, 60248, Note_off_c, 0, 54, 61
1, 60262, Control_c, 0, 67, 21
1, 60276, Control_c, 0, 67, 18
1, 60277, Note_on_c, 0, 62, 46
1, 60291, Control_c, 0, 67, 15
1, 60296, Note_on_c, 0, 71, 16
1, 60306, Control_c, 0, 67, 12
1, 60321, Control_c, 0, 67, 8
1, 60336, Control_c, 0, 67, 0
1, 60337, Note_off_c, 0, 71, 55
1, 60532, Note_off_c, 0, 62, 37
1, 60655, Note_off_c, 0, 74, 58
1, 60658, Note_on_c, 0, 47, 38
1, 60672, Note_on_c, 0, 55, 35
1, 60740, Note_on_c, 0, 73, 73
1, 60751, Control_c, 0, 64, 111
1, 60759, Note_on_c, 0, 71, 52
1, 60766, Control_c, 0, 64, 85
1, 60789, Control_c, 0, 64, 67
1, 60796, Note_on_c, 0, 64, 32
1, 60804, Control_c, 0, 64, 0
1, 60878, Control_c, 0, 64, 53
1, 60892, Control_c, 0, 64, 68
1, 60907, Control_c, 0, 64, 81
1, 60922, Control_c, 0, 64, 105
1, 60936, Control_c, 0, 64, 127
1, 60974, Note_off_c, 0, 47, 43
1, 61025, Control_c, 0, 67, 8
1, 61040, Control_c, 0, 67, 8
1, 61041, Note_off_c, 0, 55, 54
1, 61055, Control_c, 0, 67, 9
1, 61068, Note_off_c, 0, 64, 42
1, 61073, Note_on_c, 0, 76, 79
1, 61085, Control_c, 0, 67, 9
1, 61099, Control_c, 0, 67, 10
1, 61100, Note_off_c, 0, 71, 64
1, 61114, Control_c, 0, 67, 10
1, 61129, Control_c, 0, 67, 11
1, 61143, Control_c, 0, 67, 12
1, 61148, Note_off_c, 0, 73, 59
1, 61158, Control_c, 0, 67, 13
1, 61173, Control_c, 0, 67, 15
1, 61188, Control_c, 0, 67, 16
1, 61203, Control_c, 0, 67, 18
1, 61218, Control_c, 0, 67, 21
1, 61222, Note_on_c, 0, 70, 64
1, 61233, Control_c, 0, 67, 25
1, 61248, Control_c, 0, 67, 28
1, 61263, Control_c, 0, 67, 31
1, 61278, Control_c, 0, 67, 34
1, 61292, Control_c, 0, 67, 37
1, 61307, Control_c, 0, 67, 41
1, 61314, Note_on_c, 0, 78, 78
1, 61322, Control_c, 0, 67, 44
1, 61336, Control_c, 0, 67, 46
1, 61351, Control_c, 0, 67, 48
1, 61366, Control_c, 0, 67, 51
1, 61371, Note_on_c, 0, 55, 45
1, 61379, Note_off_c, 0, 76, 59
1, 61381, Control_c, 0, 67, 54
1, 61396, Control_c, 0, 67, 57
1, 61410, Control_c, 0, 67, 60
1, 61416, Poly_aftertouch_c, 0, 73, 127
1, 61425, Control_c, 0, 67, 64
1, 61440, Control_c, 0, 67, 68
1, 61448, Note_off_c, 0, 78, 62
1, 61455, Control_c, 0, 67, 71
1, 61469, Control_c, 0, 67, 73
1, 61484, Control_c, 0, 67, 76
1, 61499, Control_c, 0, 67, 77
1, 61504, Poly_aftertouch_c, 0, 73, 0
1, 61515, Control_c, 0, 67, 79
1, 61530, Control_c, 0, 64, 116
1, 61530, Control_c, 0, 67, 81
1, 61550, Note_on_c, 0, 76, 69
1, 61552, Control_c, 0, 64, 90
1, 61552, Control_c, 0, 67, 83
1, 61567, Control_c, 0, 64, 73
1, 61567, Control_c, 0, 67, 84
1, 61568, Note_on_c, 0, 69, 57
1, 61582, Control_c, 0, 64, 48
1, 61582, Control_c, 0, 67, 86
1, 61587, Note_off_c, 0, 70, 62
1, 61593, Note_on_c, 0, 61, 39
1, 61597, Control_c, 0, 64, 0
1, 61597, Control_c, 0, 67, 88
1, 61606, Note_on_c, 0, 59, 35
1, 61611, Control_c, 0, 67, 90
1, 61626, Control_c, 0, 67, 92
1, 61641, Control_c, 0, 67, 93
1, 61656, Control_c, 0, 67, 95
1, 61671, Control_c, 0, 64, 47
1, 61671, Control_c, 0, 67, 96
1, 61686, Control_c, 0, 64, 66
1, 61686, Control_c, 0, 67, 97
1, 61701, Control_c, 0, 64, 75
1, 61701, Control_c, 0, 67, 98
1, 61715, Control_c, 0, 64, 86
1, 61715, Control_c, 0, 67, 99
1, 61730, Control_c, 0, 64, 103
1, 61730, Control_c, 0, 67, 101
1, 61745, Control_c, 0, 64, 127
1, 61745, Control_c, 0, 67, 102
1, 61759, Control_c, 0, 67, 104
1, 61774, Control_c, 0, 67, 105
1, 61775, Note_on_c, 0, 68, 63
1, 61775, Note_off_c, 0, 61, 43
1, 61789, Control_c, 0, 67, 106
1, 61804, Control_c, 0, 67, 107
1, 61813, Note_off_c, 0, 69, 51
1, 61819, Control_c, 0, 67, 108
1, 61833, Control_c, 0, 67, 110
1, 61848, Control_c, 0, 67, 111
1, 61863, Control_c, 0, 67, 113
1, 61878, Control_c, 0, 67, 114
1, 61890, Note_off_c, 0, 55, 30
1, 61892, Note_on_c, 0, 71, 67
1, 61892, Control_c, 0, 67, 116
1, 61907, Control_c, 0, 67, 117
1, 61914, Note_on_c, 0, 52, 45
1, 61922, Control_c, 0, 67, 118
1, 61937, Note_off_c, 0, 68, 51
1, 61937, Control_c, 0, 67, 120
1, 61942, Note_off_c, 0, 76, 53
1, 61950, Note_off_c, 0, 59, 36
1, 61952, Control_c, 0, 67, 121
1, 61966, Control_c, 0, 67, 122
1, 61981, Control_c, 0, 67, 123
1, 61996, Control_c, 0, 67, 124
1, 62003, Note_off_c, 0, 52, 60
1, 62011, Control_c, 0, 67, 125
1, 62026, Control_c, 0, 67, 126
1, 62032, Note_on_c, 0, 67, 57
1, 62041, Control_c, 0, 67, 127
1, 62257, Note_on_c, 0, 47, 25
1, 62315, Control_c, 0, 64, 108
1, 62328, Note_on_c, 0, 74, 55
1, 62330, Control_c, 0, 64, 91
1, 62345, Note_off_c, 0, 67, 38
1, 62345, Note_on_c, 0, 66, 48
1, 62345, Control_c, 0, 64, 77
1, 62360, Control_c, 0, 64, 64
1, 62375, Control_c, 0, 64, 0
1, 62389, Note_off_c, 0, 71, 61
1, 62568, Control_c, 0, 64, 49
1, 62583, Control_c, 0, 64, 64
1, 62597, Control_c, 0, 64, 67
1, 62610, Note_on_c, 0, 53, 64
1, 62612, Control_c, 0, 64, 71
1, 62627, Control_c, 0, 64, 76
1, 62642, Control_c, 0, 64, 82
1, 62656, Control_c, 0, 64, 89
1, 62671, Control_c, 0, 64, 97
1, 62686, Control_c, 0, 64, 106
1, 62701, Control_c, 0, 64, 127
1, 62726, Note_off_c, 0, 47, 41
1, 62834, Note_on_c, 0, 54, 74
1, 62867, Note_off_c, 0, 53, 64
1, 62934, Note_off_c, 0, 54, 56
1, 62992, Note_on_c, 0, 57, 59
1, 63048, Control_c, 0, 64, 106
1, 63063, Control_c, 0, 64, 85
1, 63066, Note_off_c, 0, 57, 56
1, 63076, Note_on_c, 0, 55, 64
1, 63078, Control_c, 0, 64, 68
1, 63081, Note_on_c, 0, 71, 48
1, 63093, Control_c, 0, 64, 0
1, 63096, Poly_aftertouch_c, 0, 62, 127
1, 63114, Note_off_c, 0, 66, 37
1, 63138, Note_off_c, 0, 74, 38
1, 63151, Poly_aftertouch_c, 0, 62, 0
1, 63212, Control_c, 0, 64, 61
1, 63225, Note_off_c, 0, 55, 64
1, 63227, Control_c, 0, 64, 72
1, 63242, Control_c, 0, 64, 89
1, 63257, Control_c, 0, 64, 122
1, 63272, Control_c, 0, 64, 127
1, 63524, Control_c, 0, 64, 100
1, 63538, Control_c, 0, 64, 80
1, 63547, Note_on_c, 0, 74, 50
1, 63553, Control_c, 0, 64, 66
1, 63568, Control_c, 0, 64, 0
1, 63571, Note_on_c, 0, 54, 33
1, 63576, Note_on_c, 0, 47, 33
1, 63581, Note_on_c, 0, 62, 40
1, 63593, Note_off_c, 0, 71, 57
1, 63656, Control_c, 0, 64, 52
1, 63671, Control_c, 0, 64, 67
1, 63674, Note_off_c, 0, 62, 50
1, 63686, Control_c, 0, 64, 76
1, 63701, Control_c, 0, 64, 88
1, 63716, Control_c, 0, 64, 113
1, 63731, Control_c, 0, 64, 127
1, 63882, Note_off_c, 0, 54, 44
1, 63895, Note_off_c, 0, 47, 42
1, 63896, Note_on_c, 0, 64, 32
1, 63993, Note_on_c, 0, 71, 38
1, 64007, Note_off_c, 0, 74, 38
1, 64053, Note_off_c, 0, 64, 44
1, 64083, Note_on_c, 0, 47, 33
1, 64083, Note_on_c, 0, 55, 40
1, 64109, Control_c, 0, 64, 103
1, 64124, Control_c, 0, 64, 85
1, 64139, Control_c, 0, 64, 70
1, 64154, Control_c, 0, 64, 36
1, 64169, Control_c, 0, 64, 0
1, 64173, Note_on_c, 0, 73, 52
1, 64178, Note_off_c, 0, 71, 44
1, 64199, Control_c, 0, 64, 27
1, 64214, Control_c, 0, 64, 60
1, 64229, Control_c, 0, 64, 68
1, 64243, Control_c, 0, 64, 77
1, 64258, Control_c, 0, 64, 91
1, 64273, Control_c, 0, 64, 117
1, 64287, Control_c, 0, 64, 127
1, 64307, Note_off_c, 0, 73, 63
1, 64383, Note_on_c, 0, 76, 52
1, 64405, Note_off_c, 0, 47, 41
1, 64421, Note_off_c, 0, 55, 61
1, 64477, Note_off_c, 0, 76, 46
1, 64507, Note_on_c, 0, 78, 52
1, 64583, Note_off_c, 0, 78, 61
1, 64613, Note_on_c, 0, 76, 58
1, 64668, Note_off_c, 0, 76, 56
1, 64728, Note_on_c, 0, 83, 56
1, 64807, Note_on_c, 0, 90, 65
1, 64815, Note_on_c, 0, 55, 41
1, 64816, Note_off_c, 0, 83, 60
1, 64903, Control_c, 0, 64, 107
1, 64904, Note_off_c, 0, 55, 54
1, 64917, Control_c, 0, 64, 87
1, 64924, Note_on_c, 0, 88, 55
1, 64932, Control_c, 0, 64, 71
1, 64941, Note_off_c, 0, 90, 51
1, 64947, Control_c, 0, 64, 55
1, 64962, Control_c, 0, 64, 49
1, 64968, Note_on_c, 0, 67, 42
1, 64977, Note_on_c, 0, 59, 30
1, 64977, Note_on_c, 0, 61, 25
1, 64977, Control_c, 0, 64, 60
1, 64992, Control_c, 0, 64, 65
1, 65007, Control_c, 0, 64, 70
1, 65022, Note_off_c, 0, 88, 62
1, 65022, Control_c, 0, 64, 79
1, 65037, Control_c, 0, 64, 92
1, 65049, Note_on_c, 0, 85, 51
1, 65051, Control_c, 0, 64, 120
1, 65066, Control_c, 0, 64, 127
1, 65125, Note_off_c, 0, 85, 61
1, 65140, Note_on_c, 0, 83, 57
1, 65192, Note_off_c, 0, 83, 62
1, 65208, Note_off_c, 0, 67, 35
1, 65237, Note_on_c, 0, 78, 52
1, 65264, Note_off_c, 0, 78, 66
1, 65284, Note_on_c, 0, 55, 45
1, 65355, Note_off_c, 0, 59, 42
1, 65369, Note_off_c, 0, 61, 42
1, 65393, Note_off_c, 0, 55, 61
1, 65429, Note_on_c, 0, 77, 5
1, 65447, Poly_aftertouch_c, 0, 76, 127
1, 65473, Note_on_c, 0, 71, 58
1, 65483, Note_off_c, 0, 77, 38
1, 65489, Poly_aftertouch_c, 0, 76, 0
1, 65532, Note_off_c, 0, 71, 59
1, 65644, Note_on_c, 0, 47, 41
1, 65740, Control_c, 0, 64, 113
1, 65755, Note_on_c, 0, 74, 59
1, 65755, Control_c, 0, 64, 92
1, 65770, Control_c, 0, 64, 77
1, 65773, Note_on_c, 0, 66, 41
1, 65785, Control_c, 0, 64, 65
1, 65788, Note_on_c, 0, 73, 29
1, 65800, Control_c, 0, 64, 0
1, 65904, Control_c, 0, 64, 60
1, 65919, Control_c, 0, 64, 68
1, 65933, Control_c, 0, 64, 75
1, 65948, Control_c, 0, 64, 84
1, 65963, Control_c, 0, 64, 95
1, 65978, Control_c, 0, 64, 110
1, 65993, Control_c, 0, 64, 127
1, 66115, Note_on_c, 0, 53, 60
1, 66176, Note_off_c, 0, 47, 49
1, 66298, Note_off_c, 0, 73, 0
1, 66335, Note_off_c, 0, 66, 58
1, 66336, Poly_aftertouch_c, 0, 73, 127
1, 66365, Note_on_c, 0, 54, 70
1, 66378, Note_off_c, 0, 53, 55
1, 66450, Note_off_c, 0, 54, 58
1, 66497, Note_on_c, 0, 57, 63
1, 66564, Control_c, 0, 64, 97
1, 66570, Note_off_c, 0, 57, 56
1, 66579, Note_on_c, 0, 55, 72
1, 66579, Control_c, 0, 64, 77
1, 66585, Note_on_c, 0, 62, 15
1, 66594, Note_on_c, 0, 71, 61
1, 66594, Control_c, 0, 64, 61
1, 66609, Control_c, 0, 64, 0
1, 66616, Poly_aftertouch_c, 0, 73, 0
1, 66638, Control_c, 0, 64, 34
1, 66653, Control_c, 0, 64, 63
1, 66668, Control_c, 0, 64, 74
1, 66682, Control_c, 0, 64, 90
1, 66697, Control_c, 0, 64, 127
1, 66708, Note_off_c, 0, 55, 64
1, 66718, Note_off_c, 0, 74, 34
1, 66724, Note_off_c, 0, 62, 29
1, 66824, Control_c, 0, 67, 123
1, 66838, Control_c, 0, 67, 117
1, 66853, Control_c, 0, 67, 110
1, 66868, Control_c, 0, 67, 103
1, 66882, Control_c, 0, 67, 94
1, 66897, Control_c, 0, 67, 86
1, 66912, Control_c, 0, 67, 77
1, 66927, Control_c, 0, 67, 70
1, 66940, Note_on_c, 0, 54, 61
1, 66942, Control_c, 0, 67, 63
1, 66947, Note_on_c, 0, 45, 58
1, 66956, Control_c, 0, 67, 57
1, 66971, Control_c, 0, 67, 50
1, 66986, Control_c, 0, 67, 46
1, 67001, Control_c, 0, 67, 42
1, 67016, Control_c, 0, 67, 37
1, 67031, Control_c, 0, 67, 33
1, 67039, Note_on_c, 0, 74, 82
1, 67046, Control_c, 0, 67, 29
1, 67061, Control_c, 0, 64, 98
1, 67061, Control_c, 0, 67, 25
1, 67068, Note_on_c, 0, 62, 54
1, 67075, Control_c, 0, 64, 81
1, 67075, Control_c, 0, 67, 22
1, 67090, Control_c, 0, 64, 66
1, 67090, Control_c, 0, 67, 17
1, 67105, Control_c, 0, 64, 0
1, 67105, Control_c, 0, 67, 13
1, 67120, Control_c, 0, 67, 0
1, 67130, Note_off_c, 0, 71, 60
1, 67150, Control_c, 0, 64, 56
1, 67165, Control_c, 0, 64, 67
1, 67180, Control_c, 0, 64, 78
1, 67195, Control_c, 0, 64, 95
1, 67210, Control_c, 0, 64, 127
1, 67251, Note_off_c, 0, 45, 48
1, 67469, Note_off_c, 0, 74, 62
1, 67475, Note_on_c, 0, 44, 53
1, 67486, Note_off_c, 0, 54, 51
1, 67505, Note_off_c, 0, 62, 54
1, 67592, Note_on_c, 0, 71, 77
1, 67630, Note_on_c, 0, 62, 46
1, 67631, Control_c, 0, 64, 118
1, 67632, Note_on_c, 0, 66, 45
1, 67645, Control_c, 0, 64, 92
1, 67660, Control_c, 0, 64, 75
1, 67675, Control_c, 0, 64, 59
1, 67690, Control_c, 0, 64, 0
1, 67719, Control_c, 0, 64, 50
1, 67734, Control_c, 0, 64, 65
1, 67749, Control_c, 0, 64, 74
1, 67764, Control_c, 0, 64, 90
1, 67779, Control_c, 0, 64, 127
1, 67912, Note_off_c, 0, 44, 61
1, 67928, Note_on_c, 0, 73, 86
1, 68080, Note_off_c, 0, 73, 61
1, 68085, Note_off_c, 0, 71, 61
1, 68107, Note_off_c, 0, 62, 34
1, 68137, Note_on_c, 0, 74, 88
1, 68234, Note_off_c, 0, 66, 55
1, 68238, Note_on_c, 0, 64, 72
1, 68258, Note_on_c, 0, 54, 62
1, 68350, Control_c, 0, 64, 100
1, 68365, Control_c, 0, 64, 77
1, 68366, Note_on_c, 0, 71, 80
1, 68380, Control_c, 0, 64, 0
1, 68390, Note_on_c, 0, 66, 63
1, 68393, Note_on_c, 0, 56, 62
1, 68415, Note_off_c, 0, 54, 54
1, 68447, Note_off_c, 0, 74, 48
1, 68453, Control_c, 0, 64, 56
1, 68468, Control_c, 0, 64, 71
1, 68483, Control_c, 0, 64, 86
1, 68485, Note_off_c, 0, 66, 61
1, 68498, Control_c, 0, 64, 118
1, 68513, Control_c, 0, 64, 127
1, 68533, Note_off_c, 0, 56, 63
1, 68570, Note_off_c, 0, 64, 56
1, 68679, Note_off_c, 0, 71, 61
1, 68757, Note_on_c, 0, 58, 58
1, 68765, Note_on_c, 0, 48, 55
1, 68798, Note_on_c, 0, 62, 75
1, 68810, Control_c, 0, 64, 102
1, 68812, Note_on_c, 0, 66, 68
1, 68825, Control_c, 0, 64, 82
1, 68840, Control_c, 0, 64, 66
1, 68855, Control_c, 0, 64, 0
1, 68884, Control_c, 0, 64, 55
1, 68899, Control_c, 0, 64, 66
1, 68914, Control_c, 0, 64, 76
1, 68929, Control_c, 0, 64, 91
1, 68944, Control_c, 0, 64, 127
1, 68978, Note_off_c, 0, 58, 60
1, 69023, Note_off_c, 0, 48, 59
1, 69064, Note_off_c, 0, 66, 61
1, 69219, Note_off_c, 0, 62, 60
1, 69225, Note_on_c, 0, 37, 65
1, 69328, Note_on_c, 0, 70, 75
1, 69334, Note_on_c, 0, 66, 66
1, 69335, Note_on_c, 0, 63, 69
1, 69351, Control_c, 0, 64, 108
1, 69366, Control_c, 0, 64, 84
1, 69381, Control_c, 0, 64, 66
1, 69396, Control_c, 0, 64, 0
1, 69470, Control_c, 0, 64, 63
1, 69484, Control_c, 0, 64, 76
1, 69500, Control_c, 0, 64, 95
1, 69515, Control_c, 0, 64, 127
1, 69695, Note_on_c, 0, 48, 66
1, 69716, Note_off_c, 0, 37, 58
1, 69821, Note_on_c, 0, 61, 85
1, 69860, Note_off_c, 0, 63, 55
1, 69897, Note_off_c, 0, 48, 59
1, 69973, Note_on_c, 0, 49, 68
1, 70054, Note_off_c, 0, 49, 58
1, 70059, Note_on_c, 0, 53, 63
1, 70071, Control_c, 0, 64, 99
1, 70071, Control_c, 0, 67, 8
1, 70086, Control_c, 0, 64, 73
1, 70086, Control_c, 0, 67, 8
1, 70100, Control_c, 0, 64, 0
1, 70100, Control_c, 0, 67, 9
1, 70108, Note_off_c, 0, 61, 59
1, 70115, Control_c, 0, 67, 10
1, 70121, Note_off_c, 0, 53, 57
1, 70130, Control_c, 0, 67, 11
1, 70145, Control_c, 0, 67, 12
1, 70149, Note_on_c, 0, 60, 81
1, 70152, Note_on_c, 0, 51, 52
1, 70160, Control_c, 0, 67, 13
1, 70174, Control_c, 0, 67, 14
1, 70189, Control_c, 0, 67, 16
1, 70204, Control_c, 0, 67, 17
1, 70219, Control_c, 0, 64, 56
1, 70219, Control_c, 0, 67, 19
1, 70233, Control_c, 0, 64, 69
1, 70233, Control_c, 0, 67, 20
1, 70248, Control_c, 0, 64, 81
1, 70248, Control_c, 0, 67, 22
1, 70263, Control_c, 0, 64, 99
1, 70263, Control_c, 0, 67, 24
1, 70278, Control_c, 0, 64, 127
1, 70278, Control_c, 0, 67, 27
1, 70293, Control_c, 0, 67, 29
1, 70309, Control_c, 0, 67, 33
1, 70323, Control_c, 0, 67, 36
1, 70332, Note_off_c, 0, 60, 60
1, 70338, Control_c, 0, 67, 40
1, 70349, Note_off_c, 0, 70, 57
1, 70353, Control_c, 0, 67, 44
1, 70362, Note_off_c, 0, 66, 59
1, 70368, Control_c, 0, 67, 48
1, 70383, Control_c, 0, 67, 51
1, 70387, Note_on_c, 0, 49, 52
1, 70397, Control_c, 0, 67, 54
1, 70399, Note_off_c, 0, 51, 57
1, 70412, Control_c, 0, 67, 57
1, 70427, Control_c, 0, 67, 60
1, 70442, Control_c, 0, 67, 63
1, 70456, Control_c, 0, 67, 66
1, 70471, Control_c, 0, 67, 70
1, 70486, Control_c, 0, 64, 109
1, 70486, Control_c, 0, 67, 73
1, 70495, Note_on_c, 0, 70, 72
1, 70501, Control_c, 0, 64, 85
1, 70501, Control_c, 0, 67, 77
1, 70508, Note_on_c, 0, 66, 53
1, 70515, Control_c, 0, 64, 66
1, 70515, Control_c, 0, 67, 80
1, 70516, Note_on_c, 0, 61, 55
1, 70536, Control_c, 0, 64, 0
1, 70536, Control_c, 0, 67, 84
1, 70551, Control_c, 0, 67, 86
1, 70566, Control_c, 0, 67, 89
1, 70581, Control_c, 0, 67, 91
1, 70596, Control_c, 0, 64, 63
1, 70596, Control_c, 0, 67, 93
1, 70611, Control_c, 0, 64, 73
1, 70611, Control_c, 0, 67, 95
1, 70626, Control_c, 0, 64, 89
1, 70626, Control_c, 0, 67, 97
1, 70631, Note_off_c, 0, 66, 60
1, 70641, Control_c, 0, 64, 127
1, 70641, Control_c, 0, 67, 99
1, 70655, Control_c, 0, 67, 101
1, 70670, Control_c, 0, 67, 103
1, 70685, Control_c, 0, 67, 105
1, 70700, Control_c, 0, 67, 107
1, 70715, Control_c, 0, 67, 110
1, 70729, Control_c, 0, 67, 112
1, 70744, Control_c, 0, 67, 114
1, 70752, Note_off_c, 0, 61, 60
1, 70759, Control_c, 0, 67, 115
1, 70774, Control_c, 0, 67, 117
1, 70782, Note_off_c, 0, 49, 36
1, 70789, Control_c, 0, 67, 119
1, 70797, Note_on_c, 0, 56, 46
1, 70802, Note_on_c, 0, 59, 42
1, 70803, Control_c, 0, 67, 121
1, 70818, Control_c, 0, 67, 122
1, 70831, Note_off_c, 0, 70, 60
1, 70833, Control_c, 0, 67, 124
1, 70847, Control_c, 0, 67, 126
1, 70862, Control_c, 0, 64, 126
1, 70862, Control_c, 0, 67, 127
1, 70877, Control_c, 0, 64, 91
1, 70890, Note_on_c, 0, 68, 69
1, 70892, Control_c, 0, 64, 72
1, 70907, Control_c, 0, 64, 46
1, 70918, Note_on_c, 0, 64, 52
1, 70921, Control_c, 0, 64, 0
1, 70951, Control_c, 0, 64, 57
1, 70966, Note_off_c, 0, 59, 51
1, 70966, Control_c, 0, 64, 67
1, 70981, Control_c, 0, 64, 77
1, 70993, Note_off_c, 0, 56, 62
1, 70995, Control_c, 0, 64, 93
1, 71010, Control_c, 0, 64, 127
1, 71118, Note_off_c, 0, 64, 60
1, 71144, Note_on_c, 0, 70, 63
1, 71260, Note_on_c, 0, 62, 50
1, 71264, Control_c, 0, 64, 98
1, 71280, Note_on_c, 0, 44, 45
1, 71285, Control_c, 0, 64, 79
1, 71300, Control_c, 0, 64, 63
1, 71315, Control_c, 0, 64, 0
1, 71336, Note_off_c, 0, 62, 53
1, 71350, Note_off_c, 0, 68, 47
1, 71359, Note_on_c, 0, 73, 54
1, 71359, Control_c, 0, 64, 48
1, 71374, Control_c, 0, 64, 65
1, 71389, Control_c, 0, 64, 74
1, 71404, Control_c, 0, 64, 86
1, 71412, Note_on_c, 0, 71, 62
1, 71419, Control_c, 0, 64, 109
1, 71434, Control_c, 0, 64, 127
1, 71454, Note_off_c, 0, 73, 60
1, 71478, Note_off_c, 0, 70, 33
1, 71492, Note_off_c, 0, 71, 61
1, 71522, Note_off_c, 0, 44, 38
1, 71552, Note_on_c, 0, 37, 48
1, 71656, Control_c, 0, 64, 98
1, 71670, Control_c, 0, 64, 80
1, 71685, Control_c, 0, 64, 65
1, 71687, Note_on_c, 0, 70, 53
1, 71700, Note_on_c, 0, 65, 50
1, 71700, Control_c, 0, 64, 0
1, 71706, Note_on_c, 0, 61, 42
1, 71818, Control_c, 0, 64, 55
1, 71833, Control_c, 0, 64, 68
1, 71848, Control_c, 0, 64, 80
1, 71863, Control_c, 0, 64, 98
1, 71878, Control_c, 0, 64, 127
1, 71962, Note_off_c, 0, 37, 42
1, 71963, Note_on_c, 0, 49, 41
1, 71963, Note_off_c, 0, 61, 40
1, 72001, Note_off_c, 0, 49, 62
1, 72071, Note_off_c, 0, 65, 51
1, 72121, Note_on_c, 0, 68, 56
1, 72128, Note_on_c, 0, 59, 49
1, 72172, Note_off_c, 0, 70, 59
1, 72183, Note_off_c, 0, 59, 51
1, 72226, Note_off_c, 0, 68, 58
1, 72307, Note_on_c, 0, 61, 44
1, 72337, Note_off_c, 0, 61, 62
1, 72575, Note_on_c, 0, 42, 44
1, 72657, Control_c, 0, 64, 114
1, 72672, Control_c, 0, 64, 95
1, 72682, Note_on_c, 0, 73, 58
1, 72687, Control_c, 0, 64, 81
1, 72703, Control_c, 0, 64, 68
1, 72706, Note_on_c, 0, 58, 39
1, 72707, Note_on_c, 0, 66, 45
1, 72717, Control_c, 0, 64, 31
1, 72732, Control_c, 0, 64, 0
1, 73082, Note_on_c, 0, 48, 55
1, 73243, Note_off_c, 0, 48, 57
1, 73347, Note_on_c, 0, 49, 51
1, 73362, Control_c, 0, 64, 53
1, 73377, Control_c, 0, 64, 66
1, 73391, Control_c, 0, 64, 74
1, 73393, Note_off_c, 0, 49, 60
1, 73406, Control_c, 0, 64, 84
1, 73421, Control_c, 0, 64, 92
1, 73450, Control_c, 0, 64, 91
1, 73465, Control_c, 0, 64, 87
1, 73480, Control_c, 0, 64, 79
1, 73496, Control_c, 0, 64, 71
1, 73510, Control_c, 0, 64, 61
1, 73532, Control_c, 0, 64, 19
1, 73547, Control_c, 0, 64, 0
1, 73548, Note_on_c, 0, 53, 42
1, 73606, Note_off_c, 0, 53, 57
1, 73625, Note_on_c, 0, 51, 44
1, 73666, Control_c, 0, 64, 63
1, 73680, Control_c, 0, 64, 73
1, 73687, Note_off_c, 0, 51, 62
1, 73695, Control_c, 0, 64, 87
1, 73710, Control_c, 0, 64, 105
1, 73725, Control_c, 0, 64, 127
1, 73780, Note_off_c, 0, 58, 43
1, 73791, Note_off_c, 0, 73, 52
1, 73836, Note_off_c, 0, 66, 53
1, 74080, Control_c, 0, 64, 115
1, 74095, Control_c, 0, 64, 93
1, 74110, Control_c, 0, 64, 79
1, 74125, Control_c, 0, 64, 67
1, 74139, Control_c, 0, 64, 41
1, 74149, Note_on_c, 0, 70, 50
1, 74154, Control_c, 0, 64, 0
1, 74159, Note_on_c, 0, 66, 41
1, 74168, Note_on_c, 0, 61, 29
1, 74169, Note_on_c, 0, 49, 41
1, 74169, Control_c, 0, 64, 24
1, 74184, Control_c, 0, 64, 57
1, 74198, Control_c, 0, 64, 66
1, 74209, Note_off_c, 0, 42, 43
1, 74213, Control_c, 0, 64, 75
1, 74227, Note_off_c, 0, 61, 51
1, 74228, Control_c, 0, 64, 87
1, 74243, Control_c, 0, 64, 108
1, 74246, Note_off_c, 0, 70, 63
1, 74254, Note_off_c, 0, 66, 60
1, 74256, Note_off_c, 0, 49, 55
1, 74258, Control_c, 0, 64, 127
1, 74623, Note_on_c, 0, 49, 34
1, 74623, Note_on_c, 0, 42, 33
1, 74640, Note_on_c, 0, 56, 26
1, 74666, Control_c, 0, 64, 98
1, 74681, Control_c, 0, 64, 78
1, 74695, Control_c, 0, 64, 62
1, 74710, Control_c, 0, 64, 0
1, 74715, Note_on_c, 0, 71, 52
1, 74745, Note_on_c, 0, 61, 45
1, 74750, Note_on_c, 0, 65, 48
1, 74755, Control_c, 0, 64, 56
1, 74769, Control_c, 0, 64, 68
1, 74782, Note_off_c, 0, 61, 62
1, 74784, Control_c, 0, 64, 79
1, 74798, Note_off_c, 0, 65, 62
1, 74799, Control_c, 0, 64, 97
1, 74814, Control_c, 0, 64, 127
1, 74829, Note_off_c, 0, 42, 49
1, 74836, Note_off_c, 0, 71, 64
1, 74850, Note_off_c, 0, 49, 62
1, 74868, Note_off_c, 0, 56, 54
1, 75084, Note_on_c, 0, 73, 62
1, 75283, Note_on_c, 0, 77, 60
1, 75315, Note_off_c, 0, 77, 63
1, 75324, Note_off_c, 0, 73, 61
1, 75425, Note_on_c, 0, 71, 38
1, 75428, Note_on_c, 0, 73, 47
1, 75434, Note_on_c, 0, 65, 5
1, 75464, Note_off_c, 0, 71, 64
1, 75469, Note_off_c, 0, 73, 61
1, 75473, Note_on_c, 0, 77, 60
1, 75488, Note_off_c, 0, 65, 53
1, 75527, Note_on_c, 0, 75, 63
1, 75528, Note_on_c, 0, 85, 47
1, 75532, Note_on_c, 0, 80, 53
1, 75549, Note_off_c, 0, 77, 60
1, 75550, Note_off_c, 0, 85, 59
1, 75565, Note_on_c, 0, 83, 15
1, 75566, Note_off_c, 0, 80, 64
1, 75576, Note_off_c, 0, 75, 61
1, 75606, Note_off_c, 0, 83, 46
1, 75867, Control_c, 0, 64, 101
1, 75882, Control_c, 0, 64, 73
1, 75898, Control_c, 0, 64, 34
1, 75911, Note_on_c, 0, 73, 64
1, 75912, Note_on_c, 0, 42, 43
1, 75913, Control_c, 0, 64, 0
1, 75915, Note_on_c, 0, 71, 53
1, 75920, Note_on_c, 0, 65, 48
1, 75933, Note_on_c, 0, 61, 39
1, 75934, Note_on_c, 0, 49, 44
1, 75938, Note_on_c, 0, 56, 22
1, 75943, Control_c, 0, 64, 42
1, 75957, Control_c, 0, 64, 64
1, 75972, Control_c, 0, 64, 75
1, 75987, Control_c, 0, 64, 89
1, 76002, Control_c, 0, 64, 127
1, 76014, Note_off_c, 0, 42, 56
1, 76025, Note_off_c, 0, 73, 61
1, 76027, Note_off_c, 0, 71, 63
1, 76048, Note_off_c, 0, 49, 57
1, 76052, Note_off_c, 0, 65, 61
1, 76068, Note_off_c, 0, 56, 37
1, 76095, Note_off_c, 0, 61, 50
1, 76266, Note_on_c, 0, 49, 35
1, 76266, Note_on_c, 0, 42, 33
1, 76277, Note_on_c, 0, 54, 41
1, 76381, Note_on_c, 0, 61, 69
1, 76386, Control_c, 0, 64, 93
1, 76401, Control_c, 0, 64, 75
1, 76403, Note_on_c, 0, 70, 49
1, 76416, Control_c, 0, 64, 59
1, 76431, Control_c, 0, 64, 0
1, 76458, Poly_aftertouch_c, 0, 58, 127
1, 76460, Control_c, 0, 64, 11
1, 76475, Control_c, 0, 64, 55
1, 76490, Control_c, 0, 64, 66
1, 76505, Control_c, 0, 64, 75
1, 76528, Control_c, 0, 64, 89
1, 76543, Control_c, 0, 64, 118
1, 76543, Note_off_c, 0, 42, 53
1, 76557, Control_c, 0, 64, 127
1, 76595, Note_off_c, 0, 54, 63
1, 76601, Note_off_c, 0, 49, 47
1, 76618, Note_off_c, 0, 61, 61
1, 76711, Note_on_c, 0, 63, 73
1, 76775, Poly_aftertouch_c, 0, 58, 0
1, 76879, Note_on_c, 0, 65, 71
1, 76897, Note_off_c, 0, 63, 59
1, 76964, Note_on_c, 0, 73, 66
1, 76978, Note_off_c, 0, 65, 61
1, 76981, Note_on_c, 0, 63, 68
1, 77002, Note_off_c, 0, 73, 56
1, 77022, Note_off_c, 0, 63, 57
1, 77023, Note_on_c, 0, 65, 52
1, 77032, Control_c, 0, 64, 97
1, 77047, Control_c, 0, 64, 71
1, 77061, Control_c, 0, 64, 0
1, 77096, Note_on_c, 0, 63, 79
1, 77118, Note_on_c, 0, 82, 64
1, 77122, Note_on_c, 0, 78, 55
1, 77127, Note_on_c, 0, 85, 57
1, 77136, Control_c, 0, 64, 27
1, 77147, Note_off_c, 0, 65, 58
1, 77151, Control_c, 0, 64, 66
1, 77158, Note_off_c, 0, 85, 66
1, 77165, Control_c, 0, 64, 83
1, 77180, Control_c, 0, 64, 127
1, 77188, Note_off_c, 0, 82, 64
1, 77202, Note_off_c, 0, 78, 63
1, 77239, Control_c, 0, 67, 118
1, 77254, Control_c, 0, 67, 104
1, 77276, Control_c, 0, 67, 84
1, 77291, Control_c, 0, 67, 61
1, 77303, Note_off_c, 0, 70, 58
1, 77306, Control_c, 0, 67, 46
1, 77321, Control_c, 0, 67, 34
1, 77336, Control_c, 0, 67, 24
1, 77344, Note_on_c, 0, 61, 77
1, 77351, Control_c, 0, 67, 14
1, 77365, Control_c, 0, 67, 0
1, 77390, Note_off_c, 0, 63, 59
1, 77454, Control_c, 0, 64, 112
1, 77458, Note_on_c, 0, 70, 67
1, 77469, Control_c, 0, 64, 83
1, 77484, Control_c, 0, 64, 65
1, 77500, Control_c, 0, 64, 0
1, 77500, Note_on_c, 0, 54, 45
1, 77509, Note_on_c, 0, 49, 46
1, 77521, Note_on_c, 0, 42, 35
1, 77529, Control_c, 0, 64, 61
1, 77544, Control_c, 0, 64, 70
1, 77559, Control_c, 0, 64, 83
1, 77574, Control_c, 0, 64, 104
1, 77577, Note_on_c, 0, 66, 77
1, 77588, Control_c, 0, 64, 127
1, 77623, Note_off_c, 0, 54, 58
1, 77637, Note_off_c, 0, 42, 36
1, 77637, Note_off_c, 0, 49, 55
1, 77652, Note_off_c, 0, 70, 55
1, 77682, Note_off_c, 0, 61, 44
1, 77770, Note_off_c, 0, 66, 54
1, 77783, Note_on_c, 0, 42, 42
1, 77785, Note_on_c, 0, 49, 45
1, 77792, Note_on_c, 0, 56, 46
1, 77869, Control_c, 0, 64, 92
1, 77883, Note_on_c, 0, 66, 66
1, 77884, Note_on_c, 0, 71, 66
1, 77884, Control_c, 0, 64, 71
1, 77899, Control_c, 0, 64, 0
1, 77988, Control_c, 0, 64, 56
1, 78002, Control_c, 0, 64, 71
1, 78017, Note_off_c, 0, 42, 63
1, 78024, Control_c, 0, 64, 89
1, 78039, Control_c, 0, 64, 127
1, 78054, Note_off_c, 0, 49, 60
1, 78088, Note_off_c, 0, 56, 63
1, 78185, Note_on_c, 0, 65, 69
1, 78252, Note_off_c, 0, 66, 54
1, 78397, Note_on_c, 0, 63, 64
1, 78457, Note_off_c, 0, 65, 58
1, 78476, Note_on_c, 0, 73, 66
1, 78532, Note_off_c, 0, 63, 49
1, 78543, Control_c, 0, 64, 98
1, 78558, Control_c, 0, 64, 74
1, 78573, Control_c, 0, 64, 0
1, 78629, Note_on_c, 0, 65, 60
1, 78644, Note_on_c, 0, 83, 47
1, 78647, Note_on_c, 0, 85, 60
1, 78651, Note_on_c, 0, 80, 56
1, 78662, Control_c, 0, 64, 60
1, 78677, Control_c, 0, 64, 71
1, 78691, Note_off_c, 0, 85, 62
1, 78692, Control_c, 0, 64, 89
1, 78704, Note_off_c, 0, 83, 64
1, 78707, Control_c, 0, 64, 127
1, 78738, Note_off_c, 0, 80, 62
1, 78773, Note_off_c, 0, 73, 61
1, 79041, Control_c, 0, 64, 97
1, 79043, Note_on_c, 0, 61, 56
1, 79056, Control_c, 0, 64, 77
1, 79057, Note_on_c, 0, 56, 38
1, 79065, Note_on_c, 0, 49, 45
1, 79070, Control_c, 0, 64, 60
1, 79086, Control_c, 0, 64, 0
1, 79086, Note_on_c, 0, 42, 24
1, 79115, Control_c, 0, 64, 39
1, 79130, Note_off_c, 0, 65, 59
1, 79130, Control_c, 0, 64, 64
1, 79145, Control_c, 0, 64, 73
1, 79160, Control_c, 0, 64, 85
1, 79175, Control_c, 0, 64, 107
1, 79190, Control_c, 0, 64, 127
1, 79209, Note_off_c, 0, 71, 61
1, 79269, Note_off_c, 0, 42, 41
1, 79283, Note_off_c, 0, 56, 43
1, 79293, Note_off_c, 0, 49, 34
1, 79413, Note_on_c, 0, 42, 26
1, 79422, Note_off_c, 0, 61, 37
1, 79425, Note_on_c, 0, 49, 37
1, 79451, Note_on_c, 0, 54, 43
1, 79525, Note_on_c, 0, 70, 66
1, 79553, Control_c, 0, 64, 99
1, 79554, Note_on_c, 0, 66, 52
1, 79560, Note_on_c, 0, 61, 43
1, 79567, Control_c, 0, 64, 79
1, 79582, Control_c, 0, 64, 64
1, 79597, Control_c, 0, 64, 0
1, 79626, Control_c, 0, 64, 57
1, 79641, Control_c, 0, 64, 67
1, 79656, Control_c, 0, 64, 77
1, 79671, Control_c, 0, 64, 93
1, 79685, Control_c, 0, 64, 127
1, 79763, Note_off_c, 0, 42, 40
1, 79814, Note_on_c, 0, 71, 81
1, 79825, Note_off_c, 0, 61, 42
1, 79829, Note_off_c, 0, 49, 50
1, 79868, Note_off_c, 0, 54, 62
1, 79918, Note_off_c, 0, 70, 60
1, 79921, Note_off_c, 0, 66, 59
1, 80006, Note_on_c, 0, 72, 82
1, 80031, Note_off_c, 0, 71, 64
1, 80084, Note_off_c, 0, 72, 59
1, 80109, Note_on_c, 0, 49, 63
1, 80176, Control_c, 0, 64, 98
1, 80190, Control_c, 0, 64, 77
1, 80202, Note_on_c, 0, 73, 80
1, 80205, Control_c, 0, 64, 60
1, 80220, Control_c, 0, 64, 0
1, 80221, Note_on_c, 0, 66, 60
1, 80226, Note_on_c, 0, 57, 60
1, 80249, Control_c, 0, 64, 37
1, 80272, Control_c, 0, 64, 64
1, 80287, Control_c, 0, 64, 73
1, 80302, Control_c, 0, 64, 88
1, 80305, Note_off_c, 0, 49, 55
1, 80316, Control_c, 0, 64, 127
1, 80397, Note_on_c, 0, 77, 68
1, 80402, Note_off_c, 0, 73, 60
1, 80457, Note_on_c, 0, 75, 79
1, 80508, Control_c, 0, 64, 102
1, 80523, Control_c, 0, 64, 81
1, 80538, Control_c, 0, 64, 64
1, 80553, Control_c, 0, 64, 0
1, 80572, Note_off_c, 0, 77, 41
1, 80578, Note_on_c, 0, 49, 51
1, 80589, Note_on_c, 0, 58, 61
1, 80597, Control_c, 0, 64, 47
1, 80611, Note_off_c, 0, 57, 58
1, 80612, Control_c, 0, 64, 65
1, 80627, Control_c, 0, 64, 74
1, 80642, Control_c, 0, 64, 91
1, 80656, Control_c, 0, 64, 127
1, 80672, Note_off_c, 0, 49, 63
1, 80737, Note_off_c, 0, 58, 59
1, 80770, Note_on_c, 0, 73, 79
1, 80794, Note_off_c, 0, 66, 52
1, 80798, Note_off_c, 0, 75, 63
1, 80827, Note_off_c, 0, 73, 64
1, 80861, Note_on_c, 0, 42, 59
1, 80921, Note_on_c, 0, 49, 56
1, 80928, Note_on_c, 0, 63, 50
1, 81015, Note_on_c, 0, 65, 53
1, 81080, Control_c, 0, 64, 108
1, 81095, Control_c, 0, 64, 87
1, 81110, Control_c, 0, 64, 69
1, 81110, Note_on_c, 0, 71, 75
1, 81124, Note_off_c, 0, 63, 37
1, 81124, Control_c, 0, 64, 0
1, 81146, Note_on_c, 0, 56, 70
1, 81160, Note_off_c, 0, 65, 59
1, 81228, Control_c, 0, 64, 40
1, 81243, Control_c, 0, 64, 67
1, 81257, Control_c, 0, 64, 80
1, 81272, Control_c, 0, 64, 104
1, 81287, Control_c, 0, 64, 127
1, 81348, Note_off_c, 0, 42, 57
1, 81368, Note_off_c, 0, 71, 65
1, 81390, Note_off_c, 0, 49, 57
1, 81443, Note_off_c, 0, 56, 62
1, 81527, Note_on_c, 0, 73, 74
1, 81657, Note_on_c, 0, 61, 77
1, 81689, Note_off_c, 0, 73, 61
1, 81758, Note_on_c, 0, 77, 67
1, 81811, Note_off_c, 0, 77, 51
1, 81869, Note_on_c, 0, 75, 66
1, 81890, Note_off_c, 0, 61, 52
1, 81917, Control_c, 0, 67, 8
1, 81920, Note_off_c, 0, 75, 62
1, 81926, Note_on_c, 0, 77, 65
1, 81932, Control_c, 0, 64, 104
1, 81932, Control_c, 0, 67, 9
1, 81947, Control_c, 0, 64, 81
1, 81947, Control_c, 0, 67, 10
1, 81962, Control_c, 0, 64, 63
1, 81962, Control_c, 0, 67, 11
1, 81977, Control_c, 0, 64, 0
1, 81977, Control_c, 0, 67, 12
1, 81980, Note_on_c, 0, 75, 71
1, 81992, Control_c, 0, 67, 13
1, 81996, Note_on_c, 0, 60, 45
1, 81997, Note_on_c, 0, 66, 53
1, 82001, Note_on_c, 0, 49, 46
1, 82004, Note_off_c, 0, 77, 62
1, 82006, Control_c, 0, 67, 16
1, 82021, Control_c, 0, 64, 40
1, 82021, Control_c, 0, 67, 18
1, 82036, Control_c, 0, 64, 65
1, 82036, Control_c, 0, 67, 21
1, 82051, Control_c, 0, 64, 76
1, 82051, Control_c, 0, 67, 25
1, 82053, Note_off_c, 0, 66, 59
1, 82053, Note_off_c, 0, 75, 63
1, 82066, Control_c, 0, 64, 95
1, 82066, Control_c, 0, 67, 29
1, 82069, Note_off_c, 0, 60, 62
1, 82080, Control_c, 0, 64, 127
1, 82080, Control_c, 0, 67, 33
1, 82095, Control_c, 0, 67, 37
1, 82103, Note_off_c, 0, 49, 61
1, 82110, Control_c, 0, 67, 40
1, 82125, Control_c, 0, 67, 42
1, 82140, Control_c, 0, 67, 44
1, 82154, Control_c, 0, 67, 46
1, 82169, Control_c, 0, 67, 48
1, 82184, Control_c, 0, 67, 52
1, 82199, Control_c, 0, 67, 54
1, 82213, Control_c, 0, 67, 57
1, 82228, Control_c, 0, 67, 59
1, 82243, Control_c, 0, 67, 62
1, 82258, Control_c, 0, 67, 64
1, 82273, Control_c, 0, 67, 66
1, 82289, Control_c, 0, 67, 68
1, 82303, Control_c, 0, 67, 69
1, 82318, Control_c, 0, 67, 70
1, 82333, Control_c, 0, 67, 71
1, 82348, Control_c, 0, 64, 106
1, 82348, Control_c, 0, 67, 72
1, 82357, Note_on_c, 0, 73, 69
1, 82363, Control_c, 0, 64, 84
1, 82363, Control_c, 0, 67, 73
1, 82377, Control_c, 0, 64, 68
1, 82377, Control_c, 0, 67, 75
1, 82382, Note_on_c, 0, 65, 49
1, 82382, Note_on_c, 0, 59, 41
1, 82387, Note_on_c, 0, 49, 41
1, 82392, Control_c, 0, 64, 0
1, 82392, Control_c, 0, 67, 76
1, 82393, Note_on_c, 0, 56, 33
1, 82406, Note_on_c, 0, 42, 30
1, 82407, Control_c, 0, 67, 78
1, 82422, Control_c, 0, 67, 79
1, 82436, Control_c, 0, 64, 17
1, 82436, Control_c, 0, 67, 81
1, 82451, Control_c, 0, 64, 59
1, 82451, Control_c, 0, 67, 82
1, 82466, Control_c, 0, 64, 68
1, 82466, Control_c, 0, 67, 83
1, 82481, Control_c, 0, 64, 78
1, 82481, Control_c, 0, 67, 84
1, 82496, Control_c, 0, 64, 92
1, 82496, Control_c, 0, 67, 85
1, 82514, Note_off_c, 0, 73, 61
1, 82518, Control_c, 0, 64, 113
1, 82518, Control_c, 0, 67, 87
1, 82533, Control_c, 0, 64, 127
1, 82533, Control_c, 0, 67, 89
1, 82535, Note_off_c, 0, 59, 37
1, 82548, Control_c, 0, 67, 91
1, 82556, Note_off_c, 0, 49, 34
1, 82558, Note_off_c, 0, 56, 49
1, 82563, Control_c, 0, 67, 93
1, 82564, Note_off_c, 0, 42, 42
1, 82578, Control_c, 0, 67, 95
1, 82592, Note_off_c, 0, 65, 51
1, 82592, Control_c, 0, 67, 97
1, 82607, Control_c, 0, 67, 100
1, 82622, Control_c, 0, 67, 101
1, 82636, Control_c, 0, 67, 102
1, 82651, Control_c, 0, 67, 102
1, 82666, Control_c, 0, 67, 103
1, 82681, Control_c, 0, 67, 104
1, 82696, Control_c, 0, 67, 105
1, 82710, Control_c, 0, 67, 106
1, 82725, Control_c, 0, 67, 107
1, 82740, Control_c, 0, 67, 108
1, 82755, Control_c, 0, 67, 109
1, 82770, Control_c, 0, 67, 109
1, 82785, Control_c, 0, 67, 110
1, 82800, Control_c, 0, 67, 111
1, 82829, Control_c, 0, 67, 111
1, 82903, Control_c, 0, 64, 117
1, 82907, Note_on_c, 0, 70, 50
1, 82909, Note_on_c, 0, 66, 47
1, 82910, Note_on_c, 0, 49, 40
1, 82917, Note_on_c, 0, 58, 42
1, 82918, Note_on_c, 0, 42, 36
1, 82918, Control_c, 0, 64, 92
1, 82925, Note_on_c, 0, 54, 35
1, 82933, Control_c, 0, 64, 77
1, 82948, Control_c, 0, 64, 63
1, 82962, Control_c, 0, 64, 0
1, 83171, Control_c, 0, 64, 52
1, 83186, Control_c, 0, 64, 65
1, 83200, Control_c, 0, 64, 74
1, 83215, Control_c, 0, 64, 85
1, 83230, Control_c, 0, 64, 102
1, 83230, Control_c, 0, 67, 110
1, 83244, Control_c, 0, 64, 127
1, 83244, Control_c, 0, 67, 109
1, 83266, Control_c, 0, 67, 107
1, 83281, Control_c, 0, 67, 105
1, 83296, Control_c, 0, 67, 102
1, 83311, Control_c, 0, 67, 100
1, 83325, Control_c, 0, 67, 97
1, 83340, Control_c, 0, 67, 91
1, 83351, Note_off_c, 0, 54, 44
1, 83355, Control_c, 0, 67, 82
1, 83370, Control_c, 0, 67, 67
1, 83384, Control_c, 0, 67, 52
1, 83399, Control_c, 0, 67, 37
1, 83402, Note_off_c, 0, 58, 37
1, 83405, Note_off_c, 0, 66, 34
1, 83414, Control_c, 0, 67, 22
1, 83429, Control_c, 0, 67, 9
1, 83444, Control_c, 0, 67, 0
1, 83461, Note_off_c, 0, 70, 51
1, 83470, Note_off_c, 0, 49, 44
1, 83521, Note_off_c, 0, 42, 43
1, 83889, Control_c, 0, 67, 9
1, 83904, Control_c, 0, 67, 11
1, 83919, Control_c, 0, 67, 13
1, 83934, Control_c, 0, 67, 16
1, 83948, Control_c, 0, 67, 19
1, 83963, Control_c, 0, 67, 23
1, 83978, Control_c, 0, 67, 28
1, 83992, Control_c, 0, 67, 32
1, 84014, Control_c, 0, 67, 37
1, 84029, Control_c, 0, 67, 41
1, 84044, Control_c, 0, 67, 45
1, 84059, Control_c, 0, 67, 50
1, 84074, Control_c, 0, 67, 56
1, 84088, Control_c, 0, 67, 60
1, 84103, Control_c, 0, 67, 64
1, 84118, Control_c, 0, 67, 68
1, 84133, Control_c, 0, 67, 73
1, 84147, Control_c, 0, 67, 77
1, 84162, Control_c, 0, 67, 81
1, 84177, Control_c, 0, 67, 85
1, 84186, Note_on_c, 0, 69, 45
1, 84192, Control_c, 0, 67, 88
1, 84202, Note_on_c, 0, 66, 41
1, 84207, Control_c, 0, 64, 114
1, 84207, Control_c, 0, 67, 92
1, 84208, Note_on_c, 0, 50, 33
1, 84215, Note_on_c, 0, 60, 35
1, 84217, Note_on_c, 0, 38, 35
1, 84222, Control_c, 0, 64, 95
1, 84222, Control_c, 0, 67, 95
1, 84237, Control_c, 0, 64, 82
1, 84237, Control_c, 0, 67, 98
1, 84251, Control_c, 0, 64, 67
1, 84251, Control_c, 0, 67, 100
1, 84266, Control_c, 0, 64, 0
1, 84266, Control_c, 0, 67, 103
1, 84281, Control_c, 0, 67, 106
1, 84296, Control_c, 0, 67, 109
1, 84311, Control_c, 0, 67, 111
1, 84325, Control_c, 0, 67, 114
1, 84340, Control_c, 0, 67, 117
1, 84355, Control_c, 0, 67, 119
1, 84370, Control_c, 0, 67, 122
1, 84385, Control_c, 0, 67, 124
1, 84399, Control_c, 0, 67, 126
1, 84414, Control_c, 0, 67, 127
1, 84429, Control_c, 0, 67, 127
1, 84444, Control_c, 0, 64, 43
1, 84459, Control_c, 0, 64, 63
1, 84473, Control_c, 0, 64, 69
1, 84488, Control_c, 0, 64, 75
1, 84503, Control_c, 0, 64, 83
1, 84518, Control_c, 0, 64, 93
1, 84533, Control_c, 0, 64, 107
1, 84547, Control_c, 0, 64, 127
1, 84732, Note_on_c, 0, 74, 52
1, 84779, Note_off_c, 0, 69, 60
1, 84788, Note_off_c, 0, 66, 59
1, 85011, Note_on_c, 0, 71, 59
1, 85023, Note_off_c, 0, 50, 46
1, 85059, Note_off_c, 0, 38, 37
1, 85080, Note_off_c, 0, 74, 53
1, 85110, Note_off_c, 0, 71, 51
1, 85118, Note_off_c, 0, 60, 45
1, 85199, Note_on_c, 0, 50, 25
1, 85217, Note_on_c, 0, 43, 36
1, 85289, Note_on_c, 0, 69, 61
1, 85308, Note_on_c, 0, 60, 36
1, 85312, Control_c, 0, 64, 104
1, 85327, Control_c, 0, 64, 88
1, 85342, Control_c, 0, 64, 74
1, 85356, Control_c, 0, 64, 60
1, 85371, Control_c, 0, 64, 0
1, 85648, Note_off_c, 0, 69, 58
1, 85673, Note_on_c, 0, 67, 50
1, 85689, Note_off_c, 0, 60, 57
1, 85735, Control_c, 0, 64, 29
1, 85750, Control_c, 0, 64, 52
1, 85765, Control_c, 0, 64, 62
1, 85779, Control_c, 0, 64, 67
1, 85794, Control_c, 0, 64, 72
1, 85809, Control_c, 0, 64, 79
1, 85824, Control_c, 0, 64, 87
1, 85839, Control_c, 0, 64, 96
1, 85844, Note_on_c, 0, 59, 52
1, 85853, Control_c, 0, 64, 107
1, 85868, Control_c, 0, 64, 127
1, 85903, Note_off_c, 0, 59, 55
1, 86004, Note_on_c, 0, 74, 63
1, 86010, Note_off_c, 0, 50, 44
1, 86028, Note_off_c, 0, 67, 60
1, 86043, Note_off_c, 0, 43, 41
1, 86052, Note_off_c, 0, 74, 59
1, 86224, Control_c, 0, 64, 122
1, 86239, Control_c, 0, 64, 91
1, 86259, Note_on_c, 0, 65, 50
1, 86261, Control_c, 0, 64, 75
1, 86276, Control_c, 0, 64, 59
1, 86284, Note_on_c, 0, 59, 36
1, 86286, Note_on_c, 0, 44, 34
1, 86287, Note_on_c, 0, 49, 29
1, 86291, Control_c, 0, 64, 0
1, 86395, Control_c, 0, 64, 59
1, 86410, Control_c, 0, 64, 68
1, 86419, Note_off_c, 0, 59, 37
1, 86425, Control_c, 0, 64, 77
1, 86439, Control_c, 0, 64, 91
1, 86454, Control_c, 0, 64, 110
1, 86469, Control_c, 0, 64, 127
1, 86691, Note_on_c, 0, 73, 49
1, 86719, Note_on_c, 0, 37, 40
1, 86773, Note_off_c, 0, 73, 57
1, 86779, Note_off_c, 0, 65, 53
1, 86793, Note_off_c, 0, 44, 43
1, 86805, Note_off_c, 0, 49, 44
1, 86819, Note_off_c, 0, 37, 37
1, 87308, Note_on_c, 0, 49, 30
1, 87309, Note_on_c, 0, 66, 40
1, 87315, Note_on_c, 0, 42, 33
1, 87322, Control_c, 0, 64, 102
1, 87328, Note_on_c, 0, 58, 37
1, 87337, Control_c, 0, 64, 87
1, 87351, Control_c, 0, 64, 73
1, 87366, Control_c, 0, 64, 57
1, 87381, Control_c, 0, 64, 0
1, 87573, Control_c, 0, 64, 52
1, 87588, Control_c, 0, 64, 65
1, 87603, Control_c, 0, 64, 71
1, 87617, Control_c, 0, 64, 79
1, 87632, Control_c, 0, 64, 88
1, 87647, Control_c, 0, 64, 98
1, 87662, Control_c, 0, 64, 110
1, 87677, Control_c, 0, 64, 127
1, 87836, Note_off_c, 0, 49, 43
1, 87966, Note_off_c, 0, 58, 40
1, 88022, Note_off_c, 0, 66, 30
1, 88060, Note_off_c, 0, 42, 37
1, 88683, Note_on_c, 0, 66, 48
1, 88686, Control_c, 0, 64, 101
1, 88701, Control_c, 0, 64, 84
1, 88709, Note_on_c, 0, 64, 37
1, 88715, Note_on_c, 0, 36, 40
1, 88716, Control_c, 0, 64, 68
1, 88719, Note_on_c, 0, 48, 37
1, 88719, Note_on_c, 0, 57, 24
1, 88731, Control_c, 0, 64, 49
1, 88745, Control_c, 0, 64, 0
1, 88760, Control_c, 0, 64, 19
1, 88775, Control_c, 0, 64, 46
1, 88789, Control_c, 0, 64, 59
1, 88804, Control_c, 0, 64, 66
1, 88819, Control_c, 0, 64, 74
1, 88834, Control_c, 0, 64, 84
1, 88849, Control_c, 0, 64, 100
1, 88864, Control_c, 0, 64, 127
1, 89069, Note_on_c, 0, 69, 54
1, 89074, Note_off_c, 0, 36, 39
1, 89074, Note_off_c, 0, 48, 46
1, 89095, Note_off_c, 0, 64, 41
1, 89208, Note_off_c, 0, 69, 55
1, 89222, Note_on_c, 0, 63, 56
1, 89232, Note_on_c, 0, 35, 51
1, 89234, Control_c, 0, 64, 102
1, 89245, Note_on_c, 0, 47, 54
1, 89256, Control_c, 0, 64, 80
1, 89271, Control_c, 0, 64, 63
1, 89286, Control_c, 0, 64, 0
1, 89360, Control_c, 0, 64, 41
1, 89368, Note_on_c, 0, 67, 59
1, 89375, Control_c, 0, 64, 64
1, 89390, Control_c, 0, 64, 75
1, 89404, Control_c, 0, 64, 89
1, 89419, Control_c, 0, 64, 109
1, 89434, Control_c, 0, 64, 127
1, 89453, Note_off_c, 0, 66, 37
1, 89484, Note_off_c, 0, 67, 53
1, 89487, Note_off_c, 0, 57, 37
1, 89536, Note_off_c, 0, 63, 30
1, 89586, Note_on_c, 0, 40, 42
1, 89675, Note_off_c, 0, 35, 32
1, 89728, Note_on_c, 0, 57, 55
1, 89731, Control_c, 0, 64, 100
1, 89744, Note_on_c, 0, 66, 50
1, 89745, Control_c, 0, 64, 86
1, 89760, Control_c, 0, 64, 71
1, 89775, Control_c, 0, 64, 56
1, 89790, Control_c, 0, 64, 0
1, 89894, Control_c, 0, 64, 29
1, 89909, Control_c, 0, 64, 61
1, 89924, Control_c, 0, 64, 68
1, 89939, Control_c, 0, 64, 75
1, 89953, Control_c, 0, 64, 86
1, 89968, Control_c, 0, 64, 97
1, 89983, Control_c, 0, 64, 110
1, 90005, Control_c, 0, 64, 127
1, 90085, Note_off_c, 0, 47, 36
1, 90204, Note_off_c, 0, 57, 49
1, 90206, Note_on_c, 0, 64, 53
1, 90240, Note_off_c, 0, 66, 49
1, 90376, Control_c, 0, 64, 104
1, 90391, Control_c, 0, 64, 85
1, 90398, Note_on_c, 0, 56, 45
1, 90404, Note_on_c, 0, 50, 40
1, 90406, Control_c, 0, 64, 69
1, 90421, Control_c, 0, 64, 0
1, 90495, Control_c, 0, 64, 38
1, 90510, Control_c, 0, 64, 63
1, 90524, Control_c, 0, 64, 72
1, 90527, Note_off_c, 0, 56, 57
1, 90539, Control_c, 0, 64, 81
1, 90554, Control_c, 0, 64, 94
1, 90568, Control_c, 0, 64, 111
1, 90583, Control_c, 0, 64, 127
1, 90803, Note_on_c, 0, 71, 46
1, 90805, Note_off_c, 0, 50, 34
1, 90860, Note_off_c, 0, 71, 57
1, 90888, Note_off_c, 0, 64, 49
1, 90892, Note_off_c, 0, 40, 41
1, 91406, Control_c, 0, 64, 103
1, 91420, Note_on_c, 0, 64, 42
1, 91421, Control_c, 0, 64, 87
1, 91436, Control_c, 0, 64, 73
1, 91443, Note_on_c, 0, 61, 30
1, 91444, Note_on_c, 0, 33, 32
1, 91451, Control_c, 0, 64, 56
1, 91455, Note_on_c, 0, 55, 27
1, 91457, Note_on_c, 0, 45, 28
1, 91465, Control_c, 0, 64, 0
1, 91607, Control_c, 0, 64, 62
1, 91622, Control_c, 0, 64, 72
1, 91637, Control_c, 0, 64, 83
1, 91652, Control_c, 0, 64, 102
1, 91666, Control_c, 0, 64, 127
1, 91742, Note_off_c, 0, 64, 38
1, 92672, Note_on_c, 0, 65, 42
1, 92682, Control_c, 0, 64, 104
1, 92697, Control_c, 0, 64, 88
1, 92711, Control_c, 0, 64, 72
1, 92726, Control_c, 0, 64, 51
1, 92741, Control_c, 0, 64, 0
1, 92919, Control_c, 0, 64, 56
1, 92934, Control_c, 0, 64, 66
1, 92949, Control_c, 0, 64, 72
1, 92963, Control_c, 0, 64, 80
1, 92978, Control_c, 0, 64, 90
1, 93000, Control_c, 0, 64, 104
1, 93015, Control_c, 0, 64, 123
1, 93030, Control_c, 0, 64, 127
1, 93240, Note_off_c, 0, 45, 44
1, 93337, Note_off_c, 0, 55, 37
1, 93354, Note_off_c, 0, 33, 40
1, 93480, Note_off_c, 0, 61, 35
1, 93510, Note_off_c, 0, 65, 53
1, 94164, Control_c, 0, 64, 101
1, 94177, Note_on_c, 0, 66, 41
1, 94179, Control_c, 0, 64, 83
1, 94189, Note_on_c, 0, 26, 29
1, 94193, Note_on_c, 0, 62, 27
1, 94193, Control_c, 0, 64, 68
1, 94206, Note_on_c, 0, 54, 24
1, 94208, Control_c, 0, 64, 33
1, 94212, Note_on_c, 0, 38, 23
1, 94223, Control_c, 0, 64, 0
1, 94253, Control_c, 0, 64, 49
1, 94269, Control_c, 0, 64, 63
1, 94283, Control_c, 0, 64, 69
1, 94298, Control_c, 0, 64, 79
1, 94313, Control_c, 0, 64, 95
1, 94328, Control_c, 0, 64, 127
1, 94369, Note_off_c, 0, 26, 40
1, 94384, Note_off_c, 0, 38, 41
1, 94401, Note_off_c, 0, 62, 34
1, 94406, Note_off_c, 0, 66, 36
1, 94440, Note_off_c, 0, 54, 44
1, 94567, Note_on_c, 0, 66, 40
1, 94574, Note_on_c, 0, 55, 43
1, 94581, Note_on_c, 0, 62, 39
1, 94640, Note_off_c, 0, 55, 59
1, 94647, Note_off_c, 0, 62, 52
1, 94661, Note_off_c, 0, 66, 52
1, 94783, Note_on_c, 0, 66, 55
1, 94786, Note_on_c, 0, 56, 49
1, 94791, Note_on_c, 0, 62, 38
1, 94810, Note_off_c, 0, 56, 61
1, 94818, Note_off_c, 0, 62, 60
1, 94818, Note_off_c, 0, 66, 60
1, 94926, Note_on_c, 0, 66, 54
1, 94934, Note_on_c, 0, 54, 32
1, 94971, Note_off_c, 0, 54, 52
1, 94980, Note_on_c, 0, 55, 37
1, 94980, Note_on_c, 0, 62, 17
1, 95003, Control_c, 0, 64, 119
1, 95011, Note_off_c, 0, 55, 56
1, 95017, Control_c, 0, 64, 95
1, 95019, Note_on_c, 0, 69, 45
1, 95024, Note_on_c, 0, 56, 53
1, 95032, Control_c, 0, 64, 80
1, 95046, Note_off_c, 0, 66, 49
1, 95047, Control_c, 0, 64, 66
1, 95063, Control_c, 0, 64, 0
1, 95108, Note_off_c, 0, 56, 56
1, 95135, Note_off_c, 0, 69, 59
1, 95140, Note_on_c, 0, 67, 52
1, 95141, Note_on_c, 0, 57, 45
1, 95197, Note_off_c, 0, 57, 59
1, 95585, Note_off_c, 0, 67, 58
1, 95592, Note_on_c, 0, 66, 46
1, 95597, Note_off_c, 0, 62, 55
1, 95603, Control_c, 0, 64, 59
1, 95618, Note_on_c, 0, 45, 34
1, 95618, Control_c, 0, 64, 71
1, 95633, Control_c, 0, 64, 85
1, 95638, Note_off_c, 0, 66, 58
1, 95647, Control_c, 0, 64, 111
1, 95662, Control_c, 0, 64, 127
1, 95689, Note_off_c, 0, 45, 56
1, 95831, Note_on_c, 0, 54, 43
1, 95863, Note_off_c, 0, 54, 63
1, 95900, Note_on_c, 0, 62, 32
1, 95960, Control_c, 0, 64, 110
1, 95973, Control_c, 0, 64, 86
1, 95995, Control_c, 0, 64, 70
1, 96010, Control_c, 0, 64, 46
1, 96025, Control_c, 0, 64, 0
1, 96030, Note_on_c, 0, 69, 46
1, 96055, Control_c, 0, 64, 46
1, 96069, Control_c, 0, 64, 63
1, 96071, Note_on_c, 0, 38, 25
1, 96071, Note_on_c, 0, 45, 37
1, 96080, Note_off_c, 0, 62, 54
1, 96084, Control_c, 0, 64, 70
1, 96096, Note_off_c, 0, 69, 61
1, 96099, Control_c, 0, 64, 80
1, 96113, Control_c, 0, 64, 99
1, 96128, Control_c, 0, 64, 127
1, 96138, Note_off_c, 0, 45, 59
1, 96190, Note_off_c, 0, 38, 34
1, 96523, Note_on_c, 0, 78, 49
1, 96557, Note_on_c, 0, 74, 36
1, 96602, Note_off_c, 0, 74, 46
1, 96602, Note_off_c, 0, 78, 54
1, 96641, Note_on_c, 0, 57, 43
1, 96672, Note_off_c, 0, 57, 60
1, 96757, Note_on_c, 0, 69, 43
1, 96789, Control_c, 0, 67, 121
1, 96804, Control_c, 0, 67, 112
1, 96818, Control_c, 0, 67, 101
1, 96833, Control_c, 0, 67, 88
1, 96836, Note_on_c, 0, 74, 45
1, 96848, Control_c, 0, 67, 72
1, 96863, Control_c, 0, 67, 57
1, 96864, Note_off_c, 0, 69, 37
1, 96878, Control_c, 0, 67, 42
1, 96892, Control_c, 0, 67, 28
1, 96907, Control_c, 0, 67, 12
1, 96911, Note_on_c, 0, 81, 56
1, 96917, Note_on_c, 0, 66, 47
1, 96922, Control_c, 0, 67, 0
1, 96935, Note_off_c, 0, 74, 64
1, 96936, Note_on_c, 0, 62, 30
1, 96941, Note_off_c, 0, 81, 65
1, 96959, Note_off_c, 0, 66, 62
1, 96973, Note_off_c, 0, 62, 55
1, 97233, Control_c, 0, 64, 109
1, 97236, Note_on_c, 0, 74, 66
1, 97248, Control_c, 0, 64, 86
1, 97250, Note_on_c, 0, 45, 43
1, 97262, Control_c, 0, 64, 71
1, 97263, Note_on_c, 0, 66, 42
1, 97277, Control_c, 0, 64, 64
1, 97292, Control_c, 0, 64, 67
1, 97300, Note_off_c, 0, 66, 62
1, 97307, Control_c, 0, 64, 74
1, 97322, Control_c, 0, 64, 85
1, 97336, Control_c, 0, 64, 104
1, 97351, Control_c, 0, 64, 127
1, 97394, Note_on_c, 0, 76, 82
1, 97422, Note_on_c, 0, 69, 48
1, 97422, Note_off_c, 0, 74, 62
1, 97446, Note_off_c, 0, 69, 59
1, 97547, Note_off_c, 0, 76, 58
1, 97563, Note_on_c, 0, 38, 48
1, 97582, Control_c, 0, 64, 97
1, 97597, Control_c, 0, 64, 74
1, 97612, Control_c, 0, 64, 14
1, 97627, Control_c, 0, 64, 0
1, 97636, Note_on_c, 0, 78, 67
1, 97657, Note_on_c, 0, 74, 60
1, 97686, Control_c, 0, 64, 64
1, 97700, Note_off_c, 0, 45, 55
1, 97701, Control_c, 0, 64, 75
1, 97711, Note_off_c, 0, 38, 55
1, 97715, Control_c, 0, 64, 93
1, 97730, Control_c, 0, 64, 127
1, 97923, Note_off_c, 0, 74, 58
1, 97955, Note_on_c, 0, 54, 63
1, 97955, Note_on_c, 0, 62, 70
1, 97957, Note_off_c, 0, 78, 41
1, 98093, Note_off_c, 0, 54, 39
1, 98103, Note_on_c, 0, 64, 76
1, 98103, Note_on_c, 0, 73, 74
1, 98116, Note_on_c, 0, 57, 60
1, 98132, Note_off_c, 0, 62, 57
1, 98154, Note_off_c, 0, 64, 64
1, 98155, Note_off_c, 0, 57, 61
1, 98281, Note_on_c, 0, 76, 66
1, 98287, Control_c, 0, 64, 103
1, 98302, Control_c, 0, 64, 76
1, 98316, Control_c, 0, 64, 0
1, 98320, Note_on_c, 0, 74, 75
1, 98326, Note_on_c, 0, 66, 66
1, 98326, Note_off_c, 0, 73, 34
1, 98331, Note_on_c, 0, 62, 60
1, 98361, Control_c, 0, 64, 30
1, 98365, Note_off_c, 0, 76, 61
1, 98376, Control_c, 0, 64, 65
1, 98390, Control_c, 0, 64, 77
1, 98400, Note_off_c, 0, 66, 62
1, 98403, Note_off_c, 0, 74, 62
1, 98405, Control_c, 0, 64, 108
1, 98420, Control_c, 0, 64, 127
1, 98430, Note_off_c, 0, 62, 59
1, 98698, Note_on_c, 0, 65, 70
1, 98715, Note_on_c, 0, 71, 56
1, 98724, Note_on_c, 0, 51, 44
1, 98725, Note_on_c, 0, 60, 51
1, 98731, Control_c, 0, 64, 96
1, 98741, Note_on_c, 0, 57, 41
1, 98746, Control_c, 0, 64, 77
1, 98761, Control_c, 0, 64, 62
1, 98775, Control_c, 0, 64, 0
1, 98805, Control_c, 0, 64, 28
1, 98820, Control_c, 0, 64, 61
1, 98835, Control_c, 0, 64, 69
1, 98849, Control_c, 0, 64, 80
1, 98853, Note_off_c, 0, 57, 59
1, 98864, Control_c, 0, 64, 97
1, 98879, Control_c, 0, 64, 127
1, 98917, Note_off_c, 0, 51, 62
1, 99005, Note_on_c, 0, 66, 59
1, 99034, Note_off_c, 0, 71, 56
1, 99045, Note_off_c, 0, 65, 60
1, 99052, Note_off_c, 0, 60, 61
1, 99084, Note_off_c, 0, 66, 61
1, 99310, Note_on_c, 0, 38, 37
1, 99317, Control_c, 0, 64, 98
1, 99322, Note_on_c, 0, 45, 31
1, 99322, Note_on_c, 0, 52, 30
1, 99331, Control_c, 0, 64, 78
1, 99346, Control_c, 0, 64, 62
1, 99361, Control_c, 0, 64, 0
1, 99371, Note_on_c, 0, 67, 52
1, 99392, Note_on_c, 0, 61, 40
1, 99403, Note_on_c, 0, 57, 24
1, 99446, Note_off_c, 0, 57, 54
1, 99465, Control_c, 0, 64, 65
1, 99474, Note_off_c, 0, 61, 58
1, 99475, Note_off_c, 0, 67, 61
1, 99479, Control_c, 0, 64, 78
1, 99494, Control_c, 0, 64, 101
1, 99509, Control_c, 0, 64, 127
1, 99546, Note_off_c, 0, 45, 45
1, 99575, Note_off_c, 0, 38, 39
1, 99596, Note_off_c, 0, 52, 49
1, 99818, Note_on_c, 0, 83, 55
1, 99835, Note_on_c, 0, 73, 52
1, 99839, Note_on_c, 0, 76, 47
1, 99853, Note_off_c, 0, 83, 64
1, 99868, Note_off_c, 0, 76, 59
1, 99879, Note_off_c, 0, 73, 62
1, 99973, Note_on_c, 0, 67, 51
1, 100236, Note_on_c, 0, 79, 46
1, 100241, Note_off_c, 0, 67, 37
1, 100253, Note_on_c, 0, 73, 44
1, 100254, Note_on_c, 0, 71, 43
1, 100283, Note_on_c, 0, 64, 33
1, 100298, Note_on_c, 0, 57, 22
1, 100299, Note_off_c, 0, 79, 60
1, 100310, Note_off_c, 0, 73, 62
1, 100313, Note_off_c, 0, 71, 63
1, 100333, Note_off_c, 0, 64, 59
1, 100397, Note_off_c, 0, 57, 37
1, 100654, Note_on_c, 0, 67, 76
1, 100656, Note_on_c, 0, 62, 70
1, 100658, Note_on_c, 0, 64, 66
1, 100666, Control_c, 0, 64, 96
1, 100678, Note_on_c, 0, 45, 60
1, 100681, Control_c, 0, 64, 74
1, 100696, Control_c, 0, 64, 24
1, 100709, Note_off_c, 0, 64, 60
1, 100710, Control_c, 0, 64, 0
1, 100725, Control_c, 0, 64, 53
1, 100740, Control_c, 0, 64, 67
1, 100755, Control_c, 0, 64, 79
1, 100770, Control_c, 0, 64, 102
1, 100775, Note_off_c, 0, 62, 57
1, 100784, Control_c, 0, 64, 127
1, 100797, Note_on_c, 0, 69, 76
1, 100798, Note_on_c, 0, 66, 81
1, 100828, Note_off_c, 0, 67, 59
1, 100905, Note_off_c, 0, 69, 54
1, 100914, Note_off_c, 0, 66, 55
1, 100925, Note_on_c, 0, 38, 76
1, 100976, Note_off_c, 0, 45, 61
1, 100992, Control_c, 0, 64, 101
1, 101007, Control_c, 0, 64, 73
1, 101022, Control_c, 0, 64, 0
1, 101040, Note_on_c, 0, 67, 77
1, 101040, Note_on_c, 0, 71, 82
1, 101043, Note_on_c, 0, 61, 76
1, 101095, Control_c, 0, 64, 29
1, 101110, Control_c, 0, 64, 66
1, 101125, Control_c, 0, 64, 83
1, 101140, Control_c, 0, 64, 127
1, 101167, Note_off_c, 0, 38, 59
1, 101305, Note_off_c, 0, 61, 60
1, 101360, Note_off_c, 0, 67, 50
1, 101405, Note_off_c, 0, 71, 57
1, 101519, Note_on_c, 0, 59, 82
1, 101618, Note_on_c, 0, 73, 89
1, 101630, Note_on_c, 0, 69, 75
1, 101660, Note_off_c, 0, 59, 56
1, 101687, Note_off_c, 0, 69, 62
1, 101690, Note_off_c, 0, 73, 62
1, 101726, Control_c, 0, 64, 106
1, 101741, Control_c, 0, 64, 73
1, 101756, Control_c, 0, 64, 0
1, 101762, Note_on_c, 0, 76, 85
1, 101765, Note_on_c, 0, 73, 89
1, 101776, Note_on_c, 0, 57, 80
1, 101786, Control_c, 0, 64, 52
1, 101800, Control_c, 0, 64, 70
1, 101815, Control_c, 0, 64, 93
1, 101830, Control_c, 0, 64, 127
1, 101832, Note_off_c, 0, 57, 65
1, 101888, Note_off_c, 0, 73, 37
1, 101927, Note_off_c, 0, 76, 48
1, 102180, Note_on_c, 0, 74, 91
1, 102191, Note_on_c, 0, 71, 76
1, 102196, Note_on_c, 0, 45, 64
1, 102204, Note_on_c, 0, 56, 62
1, 102208, Control_c, 0, 64, 87
1, 102223, Control_c, 0, 64, 64
1, 102238, Control_c, 0, 64, 0
1, 102268, Control_c, 0, 64, 64
1, 102283, Control_c, 0, 64, 80
1, 102298, Control_c, 0, 64, 127
1, 102304, Note_off_c, 0, 71, 59
1, 102315, Note_off_c, 0, 74, 63
1, 102427, Note_off_c, 0, 56, 38
1, 102516, Note_off_c, 0, 45, 37
1, 102639, Note_on_c, 0, 74, 80
1, 102649, Note_on_c, 0, 55, 70
1, 102651, Note_on_c, 0, 71, 69
1, 102653, Control_c, 0, 64, 123
1, 102667, Control_c, 0, 64, 86
1, 102682, Control_c, 0, 64, 61
1, 102689, Note_off_c, 0, 74, 66
1, 102691, Note_on_c, 0, 76, 77
1, 102697, Control_c, 0, 64, 0
1, 102758, Note_on_c, 0, 74, 83
1, 102760, Note_off_c, 0, 55, 58
1, 102802, Note_on_c, 0, 45, 66
1, 102808, Note_off_c, 0, 76, 55
1, 103015, Note_on_c, 0, 73, 80
1, 103019, Note_on_c, 0, 69, 67
1, 103021, Note_on_c, 0, 38, 64
1, 103023, Note_off_c, 0, 71, 59
1, 103049, Note_off_c, 0, 74, 58
1, 103053, Note_off_c, 0, 45, 60
1, 103163, Note_on_c, 0, 44, 82
1, 103273, Note_off_c, 0, 44, 63
1, 103323, Note_on_c, 0, 45, 82
1, 103357, Control_c, 0, 64, 66
1, 103371, Control_c, 0, 64, 82
1, 103379, Note_off_c, 0, 38, 61
1, 103386, Control_c, 0, 64, 127
1, 103439, Note_off_c, 0, 45, 63
1, 103525, Note_off_c, 0, 69, 61
1, 103535, Note_off_c, 0, 73, 61
1, 103644, Note_on_c, 0, 76, 81
1, 103646, Note_on_c, 0, 73, 80
1, 103656, Note_on_c, 0, 52, 81
1, 103660, Control_c, 0, 64, 108
1, 103675, Control_c, 0, 64, 80
1, 103690, Control_c, 0, 64, 60
1, 103705, Control_c, 0, 64, 0
1, 103735, Control_c, 0, 64, 66
1, 103750, Control_c, 0, 64, 83
1, 103764, Control_c, 0, 64, 127
1, 103869, Note_on_c, 0, 71, 85
1, 103877, Note_on_c, 0, 54, 86
1, 103884, Note_on_c, 0, 67, 77
1, 103893, Note_off_c, 0, 52, 62
1, 103897, Note_off_c, 0, 73, 40
1, 103925, Note_off_c, 0, 67, 56
1, 103991, Note_off_c, 0, 71, 65
1, 104017, Control_c, 0, 64, 83
1, 104032, Control_c, 0, 64, 31
1, 104047, Control_c, 0, 64, 0
1, 104052, Note_off_c, 0, 54, 65
1, 104056, Note_on_c, 0, 74, 84
1, 104058, Note_on_c, 0, 55, 82
1, 104064, Note_on_c, 0, 71, 87
1, 104114, Note_off_c, 0, 76, 60
1, 104120, Control_c, 0, 64, 63
1, 104135, Control_c, 0, 64, 76
1, 104150, Control_c, 0, 64, 100
1, 104162, Note_off_c, 0, 71, 65
1, 104163, Note_off_c, 0, 74, 64
1, 104164, Note_off_c, 0, 55, 60
1, 104165, Control_c, 0, 64, 127
1, 104198, Note_on_c, 0, 45, 82
1, 104322, Note_off_c, 0, 45, 65
1, 104337, Note_on_c, 0, 38, 84
1, 104365, Note_off_c, 0, 38, 67
1, 104467, Note_on_c, 0, 69, 80
1, 104473, Note_on_c, 0, 66, 76
1, 104483, Note_on_c, 0, 57, 87
1, 104546, Note_off_c, 0, 66, 58
1, 104554, Note_off_c, 0, 57, 61
1, 104560, Note_off_c, 0, 69, 60
1, 104588, Control_c, 0, 64, 107
1, 104602, Control_c, 0, 64, 76
1, 104611, Note_on_c, 0, 73, 88
1, 104614, Note_on_c, 0, 59, 94
1, 104614, Note_on_c, 0, 69, 80
1, 104617, Control_c, 0, 64, 0
1, 104678, Control_c, 0, 64, 33
1, 104692, Control_c, 0, 64, 70
1, 104707, Control_c, 0, 64, 91
1, 104722, Control_c, 0, 64, 127
1, 104794, Note_off_c, 0, 59, 61
1, 104944, Note_on_c, 0, 67, 86
1, 104944, Control_c, 0, 64, 91
1, 104945, Note_on_c, 0, 64, 84
1, 104952, Note_on_c, 0, 61, 97
1, 104959, Control_c, 0, 64, 69
1, 104981, Control_c, 0, 64, 0
1, 104987, Note_off_c, 0, 69, 58
1, 105011, Control_c, 0, 64, 56
1, 105018, Note_off_c, 0, 73, 58
1, 105025, Control_c, 0, 64, 72
1, 105040, Control_c, 0, 64, 91
1, 105042, Note_off_c, 0, 61, 64
1, 105052, Note_off_c, 0, 64, 62
1, 105055, Control_c, 0, 64, 127
1, 105059, Note_off_c, 0, 67, 60
1, 105295, Note_on_c, 0, 38, 76
1, 105348, Note_on_c, 0, 71, 86
1, 105351, Control_c, 0, 64, 87
1, 105354, Note_on_c, 0, 65, 80
1, 105356, Note_on_c, 0, 61, 81
1, 105366, Control_c, 0, 64, 64
1, 105381, Control_c, 0, 64, 0
1, 105456, Control_c, 0, 64, 59
1, 105471, Control_c, 0, 64, 73
1, 105486, Control_c, 0, 64, 96
1, 105500, Control_c, 0, 64, 127
1, 105547, Note_off_c, 0, 38, 57
1, 105633, Note_off_c, 0, 65, 60
1, 105854, Note_off_c, 0, 61, 58
1, 105904, Note_on_c, 0, 69, 69
1, 105908, Note_on_c, 0, 66, 74
1, 105912, Note_on_c, 0, 62, 68
1, 105975, Note_off_c, 0, 71, 55
1, 106054, Note_on_c, 0, 45, 81
1, 106056, Control_c, 0, 64, 100
1, 106071, Control_c, 0, 64, 75
1, 106086, Control_c, 0, 64, 0
1, 106167, Note_on_c, 0, 57, 83
1, 106174, Control_c, 0, 64, 64
1, 106189, Control_c, 0, 64, 80
1, 106204, Control_c, 0, 64, 127
1, 106243, Note_off_c, 0, 66, 36
1, 106262, Note_off_c, 0, 62, 35
1, 106283, Note_off_c, 0, 45, 57
1, 106325, Note_off_c, 0, 57, 61
1, 106450, Note_on_c, 0, 45, 73
1, 106456, Note_on_c, 0, 54, 85
1, 106523, Control_c, 0, 64, 99
1, 106524, Note_on_c, 0, 74, 97
1, 106533, Note_on_c, 0, 62, 85
1, 106538, Note_off_c, 0, 69, 62
1, 106538, Control_c, 0, 64, 73
1, 106553, Control_c, 0, 64, 0
1, 106597, Control_c, 0, 64, 36
1, 106612, Control_c, 0, 64, 68
1, 106627, Control_c, 0, 64, 89
1, 106641, Control_c, 0, 64, 127
1, 106665, Note_off_c, 0, 54, 62
1, 106740, Note_on_c, 0, 50, 82
1, 106740, Note_off_c, 0, 45, 62
1, 106801, Note_off_c, 0, 50, 67
1, 106951, Note_off_c, 0, 62, 52
1, 106964, Note_off_c, 0, 74, 54
1, 107002, Note_on_c, 0, 34, 85
1, 107003, Note_on_c, 0, 46, 85
1, 107043, Control_c, 0, 64, 106
1, 107058, Control_c, 0, 64, 70
1, 107072, Control_c, 0, 64, 0
1, 107076, Note_on_c, 0, 74, 93
1, 107085, Note_on_c, 0, 64, 88
1, 107146, Control_c, 0, 64, 65
1, 107161, Control_c, 0, 64, 85
1, 107176, Control_c, 0, 64, 127
1, 107208, Note_off_c, 0, 34, 57
1, 107279, Note_off_c, 0, 46, 61
1, 107364, Note_on_c, 0, 65, 90
1, 107406, Note_off_c, 0, 64, 64
1, 107441, Note_off_c, 0, 74, 55
1, 107538, Note_on_c, 0, 69, 87
1, 107562, Note_off_c, 0, 65, 63
1, 107602, Note_off_c, 0, 69, 66
1, 107610, Note_on_c, 0, 53, 83
1, 107731, Note_on_c, 0, 74, 90
1, 107732, Control_c, 0, 64, 110
1, 107741, Note_on_c, 0, 72, 75
1, 107746, Control_c, 0, 64, 76
1, 107750, Note_on_c, 0, 67, 70
1, 107761, Control_c, 0, 64, 0
1, 107762, Note_on_c, 0, 62, 67
1, 107806, Control_c, 0, 64, 51
1, 107820, Control_c, 0, 64, 74
1, 107836, Control_c, 0, 64, 106
1, 107851, Control_c, 0, 64, 127
1, 107863, Note_off_c, 0, 74, 60
1, 107864, Note_off_c, 0, 67, 56
1, 107957, Note_on_c, 0, 74, 95
1, 108042, Note_off_c, 0, 72, 56
1, 108050, Control_c, 0, 64, 108
1, 108065, Control_c, 0, 64, 77
1, 108078, Note_on_c, 0, 70, 84
1, 108080, Control_c, 0, 64, 0
1, 108085, Note_on_c, 0, 61, 69
1, 108124, Control_c, 0, 64, 31
1, 108139, Control_c, 0, 64, 67
1, 108154, Control_c, 0, 64, 87
1, 108168, Control_c, 0, 64, 127
1, 108170, Note_off_c, 0, 62, 56
1, 108179, Note_on_c, 0, 76, 91
1, 108224, Note_off_c, 0, 70, 60
1, 108341, Note_off_c, 0, 61, 58
1, 108346, Note_on_c, 0, 60, 66
1, 108350, Note_off_c, 0, 74, 24
1, 108373, Note_off_c, 0, 76, 58
1, 108420, Control_c, 0, 64, 90
1, 108435, Control_c, 0, 64, 65
1, 108447, Note_on_c, 0, 79, 87
1, 108450, Control_c, 0, 64, 0
1, 108470, Note_on_c, 0, 69, 69
1, 108494, Control_c, 0, 64, 32
1, 108509, Control_c, 0, 64, 66
1, 108524, Control_c, 0, 64, 83
1, 108537, Note_off_c, 0, 53, 61
1, 108539, Control_c, 0, 64, 127
1, 108543, Note_off_c, 0, 60, 61
1, 108689, Note_on_c, 0, 77, 80
1, 108716, Note_on_c, 0, 41, 76
1, 108776, Note_off_c, 0, 69, 34
1, 108790, Note_off_c, 0, 41, 61
1, 108800, Note_off_c, 0, 79, 57
1, 108838, Note_on_c, 0, 72, 84
1, 108855, Note_off_c, 0, 77, 55
1, 108871, Note_on_c, 0, 57, 70
1, 108878, Note_off_c, 0, 72, 67
1, 108918, Note_off_c, 0, 57, 59
1, 108954, Note_on_c, 0, 69, 80
1, 109003, Note_off_c, 0, 69, 64
1, 109008, Note_on_c, 0, 70, 76
1, 109050, Control_c, 0, 64, 91
1, 109059, Note_on_c, 0, 69, 77
1, 109065, Control_c, 0, 64, 61
1, 109067, Note_on_c, 0, 60, 78
1, 109079, Note_off_c, 0, 70, 64
1, 109080, Control_c, 0, 64, 0
1, 109257, Note_off_c, 0, 69, 65
1, 109258, Note_on_c, 0, 67, 78
1, 109273, Control_c, 0, 64, 36
1, 109288, Control_c, 0, 64, 64
1, 109303, Control_c, 0, 64, 75
1, 109317, Control_c, 0, 64, 95
1, 109332, Control_c, 0, 64, 127
1, 109348, Note_off_c, 0, 60, 61
1, 109351, Note_on_c, 0, 61, 76
1, 109384, Note_off_c, 0, 67, 60
1, 109407, Note_off_c, 0, 61, 63
1, 109450, Note_on_c, 0, 65, 80
1, 109547, Note_off_c, 0, 65, 64
1, 109627, Note_on_c, 0, 50, 56
1, 109629, Note_on_c, 0, 43, 56
1, 109680, Control_c, 0, 64, 118
1, 109695, Control_c, 0, 64, 88
1, 109710, Control_c, 0, 64, 67
1, 109717, Note_on_c, 0, 70, 76
1, 109725, Control_c, 0, 64, 0
1, 109741, Note_on_c, 0, 61, 62
1, 109799, Control_c, 0, 64, 44
1, 109813, Control_c, 0, 64, 72
1, 109828, Control_c, 0, 64, 93
1, 109843, Control_c, 0, 64, 127
1, 109886, Note_off_c, 0, 43, 55
1, 109911, Note_off_c, 0, 50, 61
1, 109911, Note_off_c, 0, 61, 61
1, 109997, Note_on_c, 0, 62, 68
1, 110155, Note_off_c, 0, 62, 36
1, 110158, Note_on_c, 0, 66, 69
1, 110220, Note_off_c, 0, 66, 60
1, 110254, Note_on_c, 0, 50, 58
1, 110356, Control_c, 0, 64, 112
1, 110370, Control_c, 0, 64, 87
1, 110377, Note_on_c, 0, 69, 73
1, 110385, Control_c, 0, 64, 68
1, 110385, Control_c, 0, 67, 8
1, 110394, Note_off_c, 0, 70, 64
1, 110400, Control_c, 0, 64, 0
1, 110400, Control_c, 0, 67, 9
1, 110412, Note_on_c, 0, 64, 51
1, 110415, Control_c, 0, 67, 9
1, 110427, Note_on_c, 0, 60, 49
1, 110445, Control_c, 0, 67, 10
1, 110474, Control_c, 0, 67, 10
1, 110489, Control_c, 0, 67, 11
1, 110500, Note_off_c, 0, 64, 47
1, 110504, Control_c, 0, 64, 37
1, 110504, Control_c, 0, 67, 11
1, 110519, Control_c, 0, 64, 65
1, 110534, Control_c, 0, 64, 75
1, 110534, Control_c, 0, 67, 12
1, 110549, Control_c, 0, 64, 88
1, 110563, Control_c, 0, 64, 113
1, 110578, Control_c, 0, 64, 127
1, 110608, Control_c, 0, 67, 12
1, 110635, Note_on_c, 0, 70, 76
1, 110652, Control_c, 0, 67, 13
1, 110681, Control_c, 0, 67, 13
1, 110696, Control_c, 0, 67, 14
1, 110711, Control_c, 0, 64, 107
1, 110711, Control_c, 0, 67, 15
1, 110726, Control_c, 0, 64, 82
1, 110726, Control_c, 0, 67, 16
1, 110741, Control_c, 0, 64, 63
1, 110752, Note_on_c, 0, 67, 61
1, 110755, Control_c, 0, 64, 0
1, 110755, Control_c, 0, 67, 16
1, 110758, Note_on_c, 0, 58, 45
1, 110770, Control_c, 0, 67, 17
1, 110800, Control_c, 0, 64, 32
1, 110800, Control_c, 0, 67, 17
1, 110814, Control_c, 0, 64, 64
1, 110814, Control_c, 0, 67, 18
1, 110820, Note_off_c, 0, 69, 33
1, 110829, Control_c, 0, 64, 73
1, 110829, Control_c, 0, 67, 19
1, 110830, Note_off_c, 0, 67, 61
1, 110840, Note_off_c, 0, 60, 30
1, 110844, Control_c, 0, 64, 85
1, 110844, Control_c, 0, 67, 20
1, 110847, Note_on_c, 0, 73, 76
1, 110859, Control_c, 0, 64, 109
1, 110859, Control_c, 0, 67, 20
1, 110874, Control_c, 0, 64, 127
1, 110874, Control_c, 0, 67, 21
1, 110889, Control_c, 0, 67, 21
1, 110892, Note_off_c, 0, 58, 37
1, 110896, Note_off_c, 0, 70, 59
1, 110904, Control_c, 0, 67, 22
1, 110919, Control_c, 0, 67, 23
1, 110933, Control_c, 0, 67, 25
1, 110948, Control_c, 0, 67, 26
1, 110970, Control_c, 0, 67, 27
1, 110975, Note_off_c, 0, 73, 52
1, 110985, Control_c, 0, 67, 28
1, 111000, Control_c, 0, 67, 28
1, 111014, Control_c, 0, 67, 29
1, 111027, Note_on_c, 0, 57, 41
1, 111029, Control_c, 0, 67, 29
1, 111046, Control_c, 0, 67, 30
1, 111060, Control_c, 0, 67, 30
1, 111075, Control_c, 0, 67, 31
1, 111090, Control_c, 0, 67, 32
1, 111105, Control_c, 0, 67, 33
1, 111119, Control_c, 0, 67, 33
1, 111131, Note_on_c, 0, 76, 65
1, 111134, Control_c, 0, 64, 101
1, 111134, Control_c, 0, 67, 34
1, 111149, Control_c, 0, 64, 80
1, 111149, Control_c, 0, 67, 34
1, 111161, Note_on_c, 0, 66, 42
1, 111164, Control_c, 0, 64, 65
1, 111164, Control_c, 0, 67, 35
1, 111179, Control_c, 0, 64, 0
1, 111179, Control_c, 0, 67, 36
1, 111193, Control_c, 0, 67, 37
1, 111208, Control_c, 0, 67, 37
1, 111223, Control_c, 0, 67, 38
1, 111238, Control_c, 0, 67, 39
1, 111252, Control_c, 0, 67, 40
1, 111267, Control_c, 0, 67, 41
1, 111282, Control_c, 0, 64, 60
1, 111282, Control_c, 0, 67, 43
1, 111297, Control_c, 0, 64, 72
1, 111297, Control_c, 0, 67, 44
1, 111312, Control_c, 0, 64, 85
1, 111312, Control_c, 0, 67, 45
1, 111327, Control_c, 0, 64, 110
1, 111327, Control_c, 0, 67, 46
1, 111342, Control_c, 0, 64, 127
1, 111342, Control_c, 0, 67, 47
1, 111357, Control_c, 0, 67, 48
1, 111372, Control_c, 0, 67, 49
1, 111378, Note_off_c, 0, 57, 37
1, 111386, Control_c, 0, 67, 50
1, 111401, Control_c, 0, 67, 51
1, 111404, Note_off_c, 0, 50, 63
1, 111416, Control_c, 0, 67, 52
1, 111431, Control_c, 0, 67, 54
1, 111445, Control_c, 0, 67, 56
1, 111460, Control_c, 0, 67, 57
1, 111475, Control_c, 0, 67, 59
1, 111490, Control_c, 0, 67, 61
1, 111494, Note_on_c, 0, 74, 62
1, 111504, Control_c, 0, 67, 63
1, 111519, Control_c, 0, 67, 65
1, 111534, Control_c, 0, 67, 68
1, 111549, Control_c, 0, 67, 70
1, 111564, Control_c, 0, 67, 72
1, 111578, Control_c, 0, 67, 74
1, 111586, Note_off_c, 0, 66, 53
1, 111593, Control_c, 0, 67, 76
1, 111608, Control_c, 0, 67, 79
1, 111623, Control_c, 0, 67, 80
1, 111637, Control_c, 0, 67, 82
1, 111652, Control_c, 0, 67, 83
1, 111667, Control_c, 0, 67, 85
1, 111682, Control_c, 0, 67, 87
1, 111690, Note_off_c, 0, 76, 33
1, 111697, Control_c, 0, 67, 89
1, 111719, Control_c, 0, 67, 92
1, 111723, Note_on_c, 0, 65, 60
1, 111734, Control_c, 0, 67, 93
1, 111749, Control_c, 0, 67, 95
1, 111760, Note_off_c, 0, 74, 61
1, 111764, Control_c, 0, 67, 97
1, 111779, Control_c, 0, 67, 99
1, 111793, Control_c, 0, 67, 101
1, 111808, Control_c, 0, 67, 103
1, 111812, Note_off_c, 0, 65, 61
1, 111823, Control_c, 0, 67, 105
1, 111838, Note_on_c, 0, 38, 38
1, 111839, Control_c, 0, 67, 107
1, 111854, Control_c, 0, 67, 109
1, 111868, Control_c, 0, 67, 110
1, 111883, Control_c, 0, 67, 111
1, 111898, Control_c, 0, 67, 113
1, 111913, Control_c, 0, 67, 114
1, 111928, Control_c, 0, 67, 116
1, 111942, Control_c, 0, 64, 107
1, 111942, Control_c, 0, 67, 117
1, 111957, Control_c, 0, 64, 87
1, 111957, Control_c, 0, 67, 119
1, 111972, Control_c, 0, 64, 70
1, 111972, Control_c, 0, 67, 121
1, 111987, Control_c, 0, 64, 0
1, 111987, Control_c, 0, 67, 123
1, 111992, Note_on_c, 0, 66, 52
1, 111998, Note_on_c, 0, 62, 52
1, 112002, Control_c, 0, 67, 125
1, 112016, Control_c, 0, 67, 127
1, 112030, Note_on_c, 0, 45, 36
1, 112090, Control_c, 0, 64, 44
1, 112105, Control_c, 0, 64, 68
1, 112120, Control_c, 0, 64, 80
1, 112135, Control_c, 0, 64, 97
1, 112138, Note_off_c, 0, 38, 41
1, 112150, Control_c, 0, 64, 127
1, 112243, Note_on_c, 0, 69, 45
1, 112269, Note_off_c, 0, 45, 42
1, 112288, Note_off_c, 0, 69, 55
1, 112289, Note_on_c, 0, 67, 56
1, 112311, Note_off_c, 0, 66, 51
1, 112326, Note_off_c, 0, 62, 50
1, 112483, Control_c, 0, 64, 114
1, 112498, Control_c, 0, 64, 93
1, 112506, Note_on_c, 0, 64, 46
1, 112513, Control_c, 0, 64, 79
1, 112528, Control_c, 0, 64, 66
1, 112534, Note_on_c, 0, 37, 30
1, 112534, Note_on_c, 0, 46, 28
1, 112542, Control_c, 0, 64, 0
1, 112780, Control_c, 0, 64, 47
1, 112795, Control_c, 0, 64, 64
1, 112810, Control_c, 0, 64, 69
1, 112825, Control_c, 0, 64, 75
1, 112839, Control_c, 0, 64, 81
1, 112854, Control_c, 0, 64, 88
1, 112862, Note_off_c, 0, 67, 50
1, 112867, Note_on_c, 0, 66, 46
1, 112869, Control_c, 0, 64, 93
1, 112880, Note_off_c, 0, 64, 53
1, 112883, Control_c, 0, 64, 98
1, 112898, Control_c, 0, 64, 104
1, 112913, Control_c, 0, 64, 115
1, 112915, Note_off_c, 0, 46, 41
1, 112928, Control_c, 0, 64, 127
1, 113065, Note_off_c, 0, 37, 31
1, 113364, Control_c, 0, 64, 119
1, 113379, Control_c, 0, 64, 94
1, 113384, Note_on_c, 0, 63, 41
1, 113394, Control_c, 0, 64, 77
1, 113400, Note_on_c, 0, 57, 28
1, 113403, Note_on_c, 0, 35, 31
1, 113408, Control_c, 0, 64, 63
1, 113417, Note_on_c, 0, 47, 18
1, 113423, Control_c, 0, 64, 0
1, 113558, Control_c, 0, 64, 11
1, 113573, Control_c, 0, 64, 62
1, 113587, Control_c, 0, 64, 69
1, 113602, Control_c, 0, 64, 77
1, 113617, Control_c, 0, 64, 90
1, 113631, Control_c, 0, 64, 104
1, 113644, Note_off_c, 0, 66, 60
1, 113646, Control_c, 0, 64, 127
1, 113689, Note_off_c, 0, 35, 41
1, 113703, Note_off_c, 0, 47, 42
1, 114023, Note_on_c, 0, 67, 50
1, 114274, Note_on_c, 0, 69, 62
1, 114323, Note_off_c, 0, 67, 57
1, 114353, Note_on_c, 0, 72, 56
1, 114482, Note_off_c, 0, 72, 51
1, 114525, Note_on_c, 0, 67, 64
1, 114535, Note_on_c, 0, 75, 35
1, 114553, Note_on_c, 0, 84, 43
1, 114562, Note_on_c, 0, 81, 43
1, 114582, Note_off_c, 0, 84, 57
1, 114728, Note_off_c, 0, 81, 41
1, 114818, Note_off_c, 0, 75, 21
1, 114876, Note_off_c, 0, 69, 26
1, 115097, Note_on_c, 0, 72, 40
1, 115108, Note_on_c, 0, 66, 54
1, 115146, Note_off_c, 0, 67, 55
1, 115152, Note_off_c, 0, 63, 55
1, 115169, Note_off_c, 0, 72, 64
1, 115188, Note_off_c, 0, 57, 42
1, 115207, Note_off_c, 0, 66, 60
1, 115508, Control_c, 0, 64, 106
1, 115523, Control_c, 0, 64, 77
1, 115529, Note_on_c, 0, 66, 60
1, 115538, Control_c, 0, 64, 46
1, 115551, Note_on_c, 0, 40, 39
1, 115552, Control_c, 0, 64, 0
1, 115559, Note_on_c, 0, 57, 28
1, 115560, Note_on_c, 0, 62, 35
1, 115567, Note_on_c, 0, 47, 33
1, 115626, Control_c, 0, 64, 58
1, 115630, Note_off_c, 0, 66, 61
1, 115641, Control_c, 0, 64, 71
1, 115656, Control_c, 0, 64, 85
1, 115671, Control_c, 0, 64, 111
1, 115685, Control_c, 0, 64, 127
1, 115769, Note_off_c, 0, 40, 41
1, 115772, Note_off_c, 0, 47, 53
1, 115915, Note_on_c, 0, 71, 61
1, 116010, Note_off_c, 0, 71, 61
1, 116219, Note_on_c, 0, 66, 57
1, 116287, Note_off_c, 0, 57, 41
1, 116296, Note_on_c, 0, 71, 59
1, 116327, Note_off_c, 0, 66, 59
1, 116342, Note_off_c, 0, 62, 38
1, 116354, Note_off_c, 0, 71, 59
1, 116449, Control_c, 0, 64, 104
1, 116464, Control_c, 0, 64, 78
1, 116479, Control_c, 0, 64, 17
1, 116493, Note_on_c, 0, 62, 26
1, 116494, Control_c, 0, 64, 0
1, 116498, Note_on_c, 0, 64, 52
1, 116506, Note_on_c, 0, 83, 42
1, 116514, Note_on_c, 0, 56, 45
1, 116535, Note_on_c, 0, 74, 47
1, 116538, Note_on_c, 0, 76, 43
1, 116552, Control_c, 0, 64, 39
1, 116564, Note_off_c, 0, 83, 63
1, 116567, Control_c, 0, 64, 68
1, 116582, Control_c, 0, 64, 83
1, 116595, Note_off_c, 0, 76, 60
1, 116597, Control_c, 0, 64, 127
1, 116603, Note_off_c, 0, 74, 63
1, 117026, Note_on_c, 0, 40, 40
1, 117083, Note_off_c, 0, 62, 39
1, 117122, Note_off_c, 0, 40, 54
1, 117178, Note_off_c, 0, 56, 38
1, 117804, Note_on_c, 0, 59, 32
1, 117811, Note_on_c, 0, 55, 32
1, 117813, Control_c, 0, 64, 118
1, 117820, Note_on_c, 0, 33, 37
1, 117828, Control_c, 0, 64, 92
1, 117835, Note_on_c, 0, 45, 27
1, 117843, Control_c, 0, 64, 76
1, 117858, Control_c, 0, 64, 59
1, 117873, Control_c, 0, 64, 0
1, 118036, Control_c, 0, 64, 61
1, 118051, Control_c, 0, 64, 70
1, 118066, Control_c, 0, 64, 79
1, 118080, Control_c, 0, 64, 92
1, 118095, Control_c, 0, 64, 114
1, 118110, Control_c, 0, 64, 127
1, 118147, Note_off_c, 0, 55, 41
1, 118180, Note_off_c, 0, 59, 41
1, 118209, Note_off_c, 0, 64, 61
1, 118553, Note_off_c, 0, 33, 39
1, 118560, Note_off_c, 0, 45, 44
1, 118671, Note_on_c, 0, 67, 44
1, 118694, Note_on_c, 0, 61, 35
1, 118705, Note_on_c, 0, 58, 33
1, 118951, Note_off_c, 0, 58, 44
1, 118970, Note_off_c, 0, 61, 38
1, 119258, Note_on_c, 0, 66, 56
1, 119277, Note_on_c, 0, 57, 37
1, 119282, Control_c, 0, 64, 123
1, 119297, Control_c, 0, 64, 89
1, 119304, Note_off_c, 0, 67, 50
1, 119312, Control_c, 0, 64, 70
1, 119313, Note_on_c, 0, 61, 11
1, 119326, Control_c, 0, 64, 0
1, 119356, Control_c, 0, 64, 27
1, 119364, Note_off_c, 0, 57, 48
1, 119369, Note_off_c, 0, 66, 59
1, 119370, Control_c, 0, 64, 61
1, 119371, Note_off_c, 0, 61, 46
1, 119378, Note_on_c, 0, 69, 49
1, 119385, Control_c, 0, 64, 70
1, 119400, Control_c, 0, 64, 81
1, 119415, Control_c, 0, 64, 100
1, 119429, Note_off_c, 0, 69, 55
1, 119430, Control_c, 0, 64, 127
1, 119477, Note_on_c, 0, 66, 48
1, 119498, Note_on_c, 0, 57, 6
1, 119502, Note_off_c, 0, 66, 63
1, 119533, Note_on_c, 0, 67, 48
1, 119543, Poly_aftertouch_c, 0, 61, 127
1, 119590, Note_on_c, 0, 66, 54
1, 119591, Note_off_c, 0, 67, 50
1, 119621, Note_on_c, 0, 81, 49
1, 119648, Note_off_c, 0, 66, 57
1, 119655, Note_off_c, 0, 81, 65
1, 119663, Note_off_c, 0, 57, 42
1, 119684, Poly_aftertouch_c, 0, 61, 0
1, 120205, Note_on_c, 0, 33, 38
1, 120209, Control_c, 0, 64, 114
1, 120212, Note_on_c, 0, 45, 35
1, 120224, Control_c, 0, 64, 88
1, 120239, Control_c, 0, 64, 70
1, 120254, Control_c, 0, 64, 0
1, 120297, Note_on_c, 0, 55, 38
1, 120313, Control_c, 0, 64, 39
1, 120328, Control_c, 0, 64, 63
1, 120342, Control_c, 0, 64, 71
1, 120357, Control_c, 0, 64, 80
1, 120372, Control_c, 0, 64, 94
1, 120387, Control_c, 0, 64, 109
1, 120401, Control_c, 0, 64, 127
1, 120413, Note_on_c, 0, 61, 40
1, 120475, Note_off_c, 0, 55, 44
1, 120504, Note_on_c, 0, 64, 43
1, 120535, Note_off_c, 0, 61, 35
1, 120564, Note_off_c, 0, 64, 42
1, 120694, Note_on_c, 0, 69, 52
1, 120731, Note_off_c, 0, 69, 64
1, 121252, Note_off_c, 0, 45, 42
1, 121377, Note_off_c, 0, 33, 40
1, 122016, Control_c, 0, 64, 96
1, 122031, Control_c, 0, 64, 78
1, 122037, Note_on_c, 0, 62, 44
1, 122046, Control_c, 0, 64, 63
1, 122058, Note_on_c, 0, 54, 27
1, 122061, Control_c, 0, 64, 0
1, 122062, Note_on_c, 0, 26, 29
1, 122084, Note_on_c, 0, 38, 28
1, 122106, Control_c, 0, 64, 57
1, 122120, Control_c, 0, 64, 68
1, 122135, Control_c, 0, 64, 78
1, 122150, Control_c, 0, 64, 95
1, 122163, Note_off_c, 0, 26, 55
1, 122164, Control_c, 0, 64, 127
1, 122198, Note_off_c, 0, 62, 53
1, 122204, Note_off_c, 0, 38, 34
1, 122205, Note_off_c, 0, 54, 43
1, 122836, Note_on_c, 0, 69, 43
1, 122932, Note_off_c, 0, 69, 37
1, 122959, Note_on_c, 0, 81, 58
1, 122991, Note_off_c, 0, 81, 64
1, 122994, Note_on_c, 0, 74, 46
1, 123001, Note_on_c, 0, 62, 33
1, 123006, Note_on_c, 0, 66, 35
1, 123019, Note_off_c, 0, 74, 61
1, 123036, Note_off_c, 0, 62, 57
1, 123039, Note_off_c, 0, 66, 54
1, 123476, Note_on_c, 0, 45, 46
1, 123937, Control_c, 0, 64, 93
1, 123952, Control_c, 0, 64, 73
1, 123966, Control_c, 0, 64, 55
1, 123981, Control_c, 0, 64, 0
1, 123983, Note_on_c, 0, 62, 33
1, 123998, Note_on_c, 0, 66, 43
1, 124006, Note_on_c, 0, 54, 29
1, 124007, Note_on_c, 0, 38, 35
1, 124055, Control_c, 0, 64, 61
1, 124070, Control_c, 0, 64, 72
1, 124085, Control_c, 0, 64, 90
1, 124100, Control_c, 0, 64, 127
1, 124104, Note_off_c, 0, 45, 52
1, 124151, Note_off_c, 0, 38, 42
1, 124160, Note_off_c, 0, 54, 54
1, 124202, Note_off_c, 0, 66, 56
1, 124226, Note_off_c, 0, 62, 41
1, 124819, Note_on_c, 0, 69, 44
1, 124904, Note_off_c, 0, 69, 43
1, 124946, Note_on_c, 0, 81, 53
1, 124958, Note_on_c, 0, 66, 39
1, 124962, Note_on_c, 0, 74, 37
1, 124965, Note_on_c, 0, 62, 38
1, 124976, Note_off_c, 0, 81, 66
1, 124988, Note_off_c, 0, 66, 61
1, 124994, Note_off_c, 0, 74, 64
1, 125005, Note_off_c, 0, 62, 61
1, 125463, Note_on_c, 0, 45, 45
1, 125975, Control_c, 0, 64, 96
1, 125990, Control_c, 0, 64, 73
1, 125999, Note_on_c, 0, 66, 40
1, 126005, Note_on_c, 0, 38, 34
1, 126005, Control_c, 0, 64, 53
1, 126009, Note_on_c, 0, 62, 34
1, 126020, Control_c, 0, 64, 0
1, 126035, Note_on_c, 0, 54, 28
1, 126065, Control_c, 0, 64, 55
1, 126079, Control_c, 0, 64, 69
1, 126094, Control_c, 0, 64, 80
1, 126109, Control_c, 0, 64, 97
1, 126124, Control_c, 0, 64, 127
1, 126151, Note_off_c, 0, 45, 31
1, 126157, Note_off_c, 0, 54, 37
1, 126189, Note_off_c, 0, 66, 54
1, 126206, Note_off_c, 0, 38, 40
1, 126221, Note_off_c, 0, 62, 41
1, 127000, Note_on_c, 0, 78, 42
1, 127010, Note_on_c, 0, 74, 39
1, 127012, Note_on_c, 0, 50, 31
1, 127031, Note_on_c, 0, 66, 31
1, 127033, Note_on_c, 0, 57, 31
1, 127105, Note_off_c, 0, 66, 57
1, 127141, Note_off_c, 0, 57, 37
1, 127172, Note_off_c, 0, 78, 52
1, 127184, Note_off_c, 0, 50, 46
1, 127188, Note_off_c, 0, 74, 37
1, 128343, Note_on_c, 0, 86, 51
1, 128366, Note_on_c, 0, 74, 35
1, 128369, Note_on_c, 0, 69, 35
1, 128371, Note_on_c, 0, 62, 27
1, 128375, Note_on_c, 0, 78, 37
1, 128482, Note_off_c, 0, 74, 45
1, 128510, Note_off_c, 0, 69, 50
1, 128558, Note_off_c, 0, 62, 40
1, 128599, Note_off_c, 0, 86, 34
1, 128703, Note_off_c, 0, 78, 42
1, 130135, Control_c, 0, 67, 126
1, 130150, Control_c, 0, 67, 125
1, 130165, Control_c, 0, 67, 123
1, 130179, Control_c, 0, 67, 121
1, 130194, Control_c, 0, 67, 119
1, 130210, Control_c, 0, 67, 116
1, 130225, Control_c, 0, 67, 112
1, 130240, Control_c, 0, 67, 107
1, 130255, Control_c, 0, 67, 102
1, 130270, Control_c, 0, 67, 97
1, 130284, Control_c, 0, 67, 94
1, 130299, Control_c, 0, 67, 90
1, 130314, Control_c, 0, 67, 87
1, 130328, Control_c, 0, 67, 84
1, 130343, Control_c, 0, 67, 81
1, 130358, Control_c, 0, 67, 77
1, 130373, Control_c, 0, 67, 75
1, 130388, Control_c, 0, 67, 72
1, 130402, Control_c, 0, 67, 69
1, 130417, Control_c, 0, 67, 66
1, 130440, Control_c, 0, 67, 63
1, 130455, Control_c, 0, 67, 61
1, 130470, Control_c, 0, 67, 57
1, 130484, Control_c, 0, 67, 53
1, 130499, Control_c, 0, 67, 48
1, 130514, Control_c, 0, 67, 44
1, 130528, Control_c, 0, 67, 39
1, 130543, Control_c, 0, 67, 34
1, 130558, Control_c, 0, 67, 28
1, 130573, Control_c, 0, 67, 23
1, 130588, Control_c, 0, 67, 17
1, 130602, Control_c, 0, 67, 12
1, 130617, Control_c, 0, 67, 0
1, 130810, Control_c, 0, 64, 119
1, 130825, Control_c, 0, 64, 112
1, 130840, Control_c, 0, 64, 108
1, 130855, Control_c, 0, 64, 104
1, 130870, Control_c, 0, 64, 100
1, 130884, Control_c, 0, 64, 96
1, 130899, Control_c, 0, 64, 91
1, 130914, Control_c, 0, 64, 85
1, 130928, Control_c, 0, 64, 79
1, 130943, Control_c, 0, 64, 72
1, 130958, Control_c, 0, 64, 65
1, 130973, Control_c, 0, 64, 60
1, 130988, Control_c, 0, 64, 56
1, 131004, Control_c, 0, 64, 55
1, 131019, Control_c, 0, 64, 54
1, 131033, Control_c, 0, 64, 51
1, 131048, Control_c, 0, 64, 46
1, 131063, Control_c, 0, 64, 34
1, 131078, Control_c, 0, 64, 17
1, 131093, Control_c, 0, 64, 0
1, 131168, End_track
0, 0, End_of_file
